10;103360620;103360926;DPCD;103360959;+;11764067;11764069	0.646715320582633	247.454434975809	0.0100007275664535	3.37251242667855	57.2757725197957	0.0412547426285423
10;103771555;103772589;C10orf76;103771541;-;11797321;11797313	0.412864556520565	74.0557960463305	0.0100116788967014	86.8244341665646	997.065933844923	0.316980312612604
10;104183485;104183554;CUEDC2;104183475;-;11848155;11848129	0.141062173735261	999.521631607395	0.01000083766227	3.43596914140765	584.750615542793	0.19566441153825
10;105197829;105198426;PDCD11;105198442;+;11928016;11928017	0.100000178294296	174.584652419853	0.340497825958273	16.1928850689996	463.025009759724	0.491693745843812
10;112647645;112649266;PDCD4;112649290;+;12045259;12045260	0.10000005222639	999.060848058037	0.492832464253709	0.570243881561092	137.622836802052	0.0100001221024095
10;123733616;123734388;NSMCE4A;123733597;-;12314744;12314714	0.292043298415377	203.113764941425	0.0100126668895424	0.72291042160052	3.15892137049841	0.0100002140946605
10;124754268;124755509;IKZF5;124754240;-;12350990;12350976	0.68704634261306	285.416369996986	0.578767719125983	0.899745537917026	22.069014533933	0.0100000115588796
10;126660688;126662195;ZRANB1;126662213;+;12419258;12419259	0.407483966302944	186.093412546426	0.0100009264897436	2.43166420919096	36.9715858408163	0.199953617892239
10;127685194;127685974;FANK1;127685988;+;12450830;12450831	0.647753440052438	87.125443924982	0.0100066519943025	2.74513480036506	4.69523263544614	0.0676124955518896
10;135116503;135122326;TUBGCP2;135116485;-;12671035;12671017	0.227093221356237	179.594032621256	0.0100220484810964	4.46807665360939	119.831714246374	0.0100000783547469
10;50952187;50952695;OGDHL;50952169;-;10284563;10284549	1.09051468966151	545.827328664285	0.0100000502848478	0.996952609361485	6.23937001054184	0.0100000233434393
10;5497082;5498027;NET1;5498049;+;9053335;9053337	0.239542726822153	192.377398626524	0.0100000570848843	1.72809496467711	9.39527912575941	0.0243913578909518
10;5978551;5979047;FBXO18;5979072;+;9092396;9092397	3.54059020145676	509.293857791479	0.0100124599508854	1.225648542301	43.1701051097541	0.0100007698992357
10;70263469;70266341;SLC25A16;70263453;-;10551429;10551416	0.195573193382209	104.066079631217	0.0100003292783121	1.68843275107877	515.807780014971	0.0100003311043933
10;70955022;70956733;SUPV3L1;70956747;+;10611566;10611568	0.100000063138027	51.5821311153919	0.711068228039348	3.75791794506402	26.2501493622752	0.42506699422393
10;75231388;75234676;PPP3CB;75231372;-;10831401;10831378	2.53281431940117	676.582512512611	0.86273528941097	27.8519323003431	999.231363636778	0.320168252988324
10;75280801;75283340;USP54;75280786;-;10837919;10837904	0.516495293397807	148.517439924428	0.0100000257708042	1.93539649040822	20.1755879022077	0.0100000929172053
10;75566590;75566865;NDST2;75566570;-;10873454;10873442	2.11013790253216	81.1421337230754	0.0100004617367705	2.29330435001457	18.5511852310999	0.0405641191651133
10;82264535;82266954;TSPAN14;82266983;+;11134681;11134682	1.6972734545855	214.687386660143	0.0100000244318442	3.61306709649397	108.640208066268	0.0100000654530574
10;89519558;89527429;ATAD1;89519545;-;11275181;11275164	0.337224287889751	2.53328621406345	0.0100015538812638	17.8364104615343	3.07223414984904	0.0259217218088443
10;93244413;93244921;HECTD2;93244936;+;11359057;11359059	1.13085019858249	42.9428029112654	0.0100008312288512	3.40811396468779	5.57427208682277	0.0100002299409583
10;97141573;97143741;SORBS1;97141557;-;11489183;11489173	0.100000258632868	997.858332609491	0.136570590250723	16.800876883291	999.971211851522	0.175858981350248
10;99214557;99215395;ZDHHC16;99215416;+;11592826;11592827	1.51610236849541	80.2941543028015	0.0100000044784867	3.2786806621685	4.6058682380563	0.025748152335588
10;99502922;99504468;ZFYVE27;99504485;+;11615488;11615489	0.115813640721331	74.9327866214697	0.0100004990948666	1.87485770972397	8.15114390888401	0.0212078493279512
10;99683182;99695926;CRTAC1;99683158;-;11623753;11623747	0.177289781657602	460.035430407674	0.0100081106863043	2.12225726969114	28.7453859612009	0.010000018918488
1;100477090;100480840;SLC35A3;100480857;+;4326479;4326480	0.117948633350029	118.359765586874	0.0100053146458961	3.45456114396405	91.0121881585533	0.164047066433203
1;101458311;101460665;DPH5;101458297;-;4358865;4358843	0.449082572565509	125.638490877696	0.010001498119344	1.49640451314119	1.7051844282248	0.0320928455540717
11;114316810;114318499;REXO2;114318547;+;16851750;16851756	0.517048347725467	251.695124655213	0.0100009381793069	2.75141886524229	100.998553616358	0.145252920495267
11;117117665;117150596;RNF214;117150623;+;16944010;16944011	0.137117471446239	84.3454352512314	0.0100137675448573	0.240278157981844	6.46040360954839	0.0100002294682307
11;118895810;118895900;SLC37A4;118895787;-;17074321;17074299	2.96069485558148	356.529779300577	0.0100000210270241	2.14371199902234	68.1842189405012	0.0100000784202651
11;11988667;11989941;DKK3;11988646;-;13499680;13499670	1.26827700411435	717.474676600424	0.0100001967751427	0.201219936739377	4.12857874476654	0.0100001402952741
11;124495800;124496355;TBRG1;124496368;+;17270128;17270129	0.100001128235266	32.5713755499802	0.190909965970595	0.952477368634237	3.68079768755531	0.010000013415218
11;125442466;125445146;EI24;125445158;+;17306443;17306445	4.6985612067865	162.539811512518	0.0100002122489829	2.91509201807434	12.5850895877816	0.0100000186939891
11;126142975;126143210;FOXRED1;126143230;+;17339374;17339376	1.15159823502105	115.448983041964	0.0100060555328141	1.14240873832171	11.5316745454966	0.0100000257868432
1;116936346;116937712;ATP1A1;116937731;+;4763412;4763413	0.307710663022186	999.169707693617	0.0100000498670747	0.730289336399172	186.132870280897	0.0100000367376875
11;18424561;18425221;LDHA;18425240;+;13676998;13677000	0.169251666635623	999.982897627154	0.0100001800887615	0.466577467044135	266.596199047306	0.0100004021451336
1;12008125;12009813;PLOD1;12009829;+;1018074;1018075	0.100000080104322	453.496550130967	0.546564070948609	0.550860142923271	99.9224538220851	0.28324313008331
1;1233509;1233749;ACAP3;1233494;-;203298;203275	0.462601660241565	172.968421696828	0.0100003290429059	3.59530902061616	32.7022319957014	0.0100000313350379
11;33080642;33083060;TCP11L1;33083075;+;13858229;13858230	1.13579570671228	43.2565902733871	0.0100004356468519	1.8802721607519	6.63411858224551	0.0100000347888999
11;34137432;34139710;NAT10;34139726;+;13910827;13910828	0.249426617733169	177.789021168939	0.0100068761947016	0.813074994987514	27.5198285383779	0.0100000577704356
11;34161043;34161927;NAT10;34161946;+;13913116;13913119	0.128194268822571	346.679508659827	0.0100095218548299	5.44411177537617	155.089873548717	0.158879960237962
11;3697620;3697738;NUP98;3697607;-;13173451;13173439	0.721169077568898	316.490300935127	0.010000280707972	1.89700357363434	14.1635820504397	0.0390087669630685
11;4104213;4104471;STIM1;4104492;+;13201402;13201403	0.693917295759989	348.051091837417	0.0100007446260198	1.72270430667945	6.30404616158973	0.0471570658412409
11;44957238;44958353;TP53I11;44957214;-;14079887;14079861	0.212535577093444	513.092973910225	0.0100023774820024	6.76397548353752	138.302547416678	0.139115088133493
11;46515773;46529740;AMBRA1;46515755;-;14145724;14145696	0.110974682066588	90.871408950477	0.0100490627499618	25.181888175359	705.882093277504	0.0100000235029639
11;47744894;47745579;FNBP4;47744869;-;14299033;14299002	0.284032185790383	215.762891344218	0.0100167357136523	1.26576260519489	214.761725860646	0.0100034765327808
1;150318968;150321619;PRPF3;150321632;+;5504524;5504525	0.115573403489885	52.9545284485342	0.0100012212536837	2.58642116400972	129.613205777232	0.0100000397945781
1;153751362;153751571;SLC27A3;153751589;+;5837430;5837432	0.277399725588721	264.826141217642	0.0100013844223212	1.71915246458407	22.9386938974608	0.010000018998742
1;154192437;154192817;C1orf43;154192414;-;5900733;5900696	0.402453327939572	999.988617156214	0.0100010807299619	2.80658144500074	450.077151733882	0.162479233491319
1;154306742;154306958;ATP8B2;154306978;+;5915449;5915450	0.10225231666836	99.2981096424984	0.622196188682783	0.480340203838606	5.46460846255484	0.0625207592920481
1;154317262;154317429;ATP8B2;154317446;+;5917367;5917368	0.689686554303038	196.482072376201	0.010000370587291	0.953844213752942	30.3654022675915	0.010000065939336
1;154924425;154926146;PBXIP1;154924398;-;5965484;5965453	1.01883840467865	377.281312199962	0.0100029465109137	5.91665874591262	451.336181309565	0.0100000129909555
1;155282187;155287710;FDPS;155287731;+;6042891;6042893	0.390221838929589	401.347360406954	0.0100023826563582	1.39729212175221	29.3515603892808	0.0100001432954865
1;155630725;155631097;YY1AP1;155630705;-;6095997;6095958	1.79572105728561	3.31169825959144	0.0677376477228111	9.40849939284744	0.607122453338005	0.0100000015109976
1;155701207;155701714;DAP3;155701734;+;6109575;6109576	0.811694884564967	683.955976069228	0.0100035148640097	1.76657786207191	137.817380858574	0.0957493903297313
1;156552963;156553113;TTC24;156553129;+;6240392;6240393	3.95639743481797	111.994438894445	0.0100046762927034	82.808538341057	316.325777903609	0.163486347283129
11;61077452;61077766;DDB1;61077433;-;14686488;14686468	0.287349616916945	913.366282597704	0.0100016899661165	1.07538062929276	560.931016570058	0.0100004638781359
1;161127108;161127388;UFC1;161127406;+;6474490;6474492	1.26249385082984	997.19952865036	0.0100003059863232	1.01532600034924	130.065243189266	0.0100000465435996
11;62376299;62376433;EML3;62376278;-;14908972;14908951	0.227438160142693	263.87507435636	0.0100015794782261	0.957039895830026	10.2345069770125	0.0100000760492511
11;62394619;62394760;GANAB;62394597;-;14917479;14917458	0.195933777681683	999.980382202723	0.0100000422343255	1.19706313499181	999.997679921952	0.362295722285784
11;62444133;62444284;UBXN1;62444112;-;14929019;14928998	0.659342150234879	720.96720175407	0.0100151383606602	2.17877250544779	230.655791814577	0.183325765831418
11;62555000;62556481;TMEM179B;62556494;+;14953589;14953590	0.543353951730457	333.938060903983	0.0100011208506162	1.97902865822103	13.7432459561081	0.0503940197085629
11;62648920;62649352;SLC3A2;62649364;+;14976057;14976058	3.26347246521338	999.944890999783	0.010000017915915	1.73657233689053	11.8795876462135	0.0122886952048171
11;63965447;63967396;STIP1;63967411;+;15066556;15066557	1.04712581521182	118.436244062231	0.0100004690835194	2.61648663704414	35.4377372716486	0.0784055404597278
11;64002366;64002911;VEGFB;64002929;+;15081148;15081149	1.34398768433578	295.822318325329	0.0100014713474652	6.65319654850927	56.4710031565426	0.0100000162907321
11;64119859;64120198;CCDC88B;64120215;+;15114551;15114552	1.42685843736663	115.506043360616	0.0100005953373752	1.64194211798725	5.78166938624426	0.479555168547439
11;6470700;6471780;TRIM3;6470677;-;13270422;13270412	0.409309633796624	118.23963658824	0.792873735889702	7.29234607414785	29.3578483839936	0.0787867861530545
11;64877396;64877934;VPS51;64877953;+;15203845;15203846	1.12517221057132	548.547717258597	0.0100007866562564	2.10469288270377	12.207125867337	0.0263673567220394
11;64900741;64900940;SYVN1;64900724;-;15218467;15218442	1.00303764405342	320.711703437806	0.0100010714685368	2.62508080082846	20.4222938953368	0.0309689380175457
11;65388438;65389694;PCNXL3;65389715;+;15369139;15369140	5.34001127182452	70.2681919437121	0.0100000167464034	2.24338934395252	3.85114756677744	0.0100000678783596
1;165619202;165620230;MGST3;165620250;+;6610473;6610474	1.46363739865121	998.856701981338	0.0100008343321402	1.7850155458677	109.775058746702	0.0100000227595647
11;65635912;65635980;EFEMP2;65635893;-;15414761;15414739	2.60178721372695	160.017855661955	0.0100000668803187	0.427014547124651	1.03987423240441	0.0100000576923714
11;66406224;66407148;RBM4;66407170;+;15530502;15530503	4.21982163641307	704.790214061253	0.0100010449413075	4.58896100312609	160.931260360216	0.0101554366411666
11;67376194;67376896;NDUFV1;67376922;+;15671591;15671592	0.732360633400901	679.210823824969	0.0100025784768017	1.04247385731424	130.094428000618	0.0100005884220547
1;16803043;16803424;CROCCP3;16803000;-;1257963;1257937	1.03771769808129	6.28128494740995	0.206637845436812	780.198653910966	433.628979456786	0.0100000007569004
11;68331901;68334466;PPP6R3;68334481;+;15750551;15750552	0.242476613666053	175.392051198651	0.0100001109394627	3.40679588342469	34.5720845081891	0.0224349626533804
11;68363687;68367788;PPP6R3;68367808;+;15753308;15753309	0.177697753053076	344.570399160115	0.0100023634523172	2.60710723721783	37.6601084351525	0.0939362164619481
11;68838889;68839375;TPCN2;68839390;+;15782420;15782421	0.120775590698797	90.4764233921615	0.0100008982923842	20.0725171286037	302.679342453656	0.0862122306673633
11;72404529;72404736;ARAP1;72404516;-;15956582;15956556	0.317602368564847	729.138500108753	0.010037312343846	23.3076125792843	999.349652584469	0.196966465473987
11;77090455;77090938;PAK1;77090434;-;16193233;16193223	0.315391745100382	350.623000273996	0.0100002414151524	2.71047237444547	97.9937741210536	0.222518543037705
11;77333735;77336007;CLNS1A;77333719;-;16203892;16203878	1.19623837193179	149.016613379514	0.0100001675924834	1.61923163683823	37.7806405280531	0.0100002384699238
1;179318078;179319411;SOAT1;179319430;+;6957953;6957954	0.122796925138441	194.265345413126	0.0100007041012106	3.70061820321842	90.8033031415391	0.0204300158886723
1;179835005;179846373;TOR1AIP2;179834990;-;6971597;6971549	0.605420425867315	110.839707644387	0.0100006869556731	1.46577610036237	4.59085593715927	0.0157155560460604
1;185056773;185060696;RNF2;185060710;+;7139720;7139721	2.33036019463542	48.9729477622958	0.123309643832305	6.45561158984776	19.2568354636158	0.0100000220897044
1;186300729;186301326;TPR;186300714;-;7168444;7168416	1.8502536987663	443.033514510185	0.0100007768487184	2.80249465823218	35.887066064803	0.0100000512312683
1;186324918;186325417;TPR;186324901;-;7171431;7171415	0.154647408165483	150.955142338074	0.0100004074640157	1.05859521978464	8.28192824029205	0.0100000585700734
11;8704813;8705536;RPL27A;8705552;+;13344663;13344665	0.872498556121923	236.49398058989	0.0100001183885509	1.61103845521033	12.4558430920027	0.0100000147096964
11;93535139;93540666;MED17;93540683;+;16466047;16466050	0.896402474491544	60.7595615337052	0.0100000466311342	1.73139373035322	23.7345373396598	0.0100000017083418
11;94192765;94194101;MRE11A;94192748;-;16477352;16477331	0.100001548679058	46.2962948744173	0.652402608603248	1.04040986740573	58.5514395732585	0.0100008662266977
1;19480449;19481411;UBR4;19480434;-;1390458;1390452	5.08313082329002	89.8349906242372	0.0382969544965736	3.5951213808192	12.4135134611507	0.0158685214395257
11;95513113;95516228;FAM76B;95513091;-;16511195;16511177	0.753465912152721	101.041090122209	0.0100005234484805	2.22752140307174	65.530977613769	0.0100003390006196
1;196694428;196695585;CFH;196695599;+;7256719;7256721	0.876886970983003	282.925520897246	0.0100010737556579	0.31899227889639	8.93217290647272	0.0100000190199472
1;205240384;205240923;TMCC2;205240940;+;7622631;7622632	2.55408003730549	92.1540806873647	0.0100001308077832	2.50618133606666	3.15951489144173	0.0959863948695522
1;205696953;205698699;NUCKS1;205696934;-;7656664;7656635	0.460102859765752	569.781932583911	0.0100024561504893	1.32548910426304	169.053978547188	0.0100000531980303
1;20827930;20828561;MUL1;20827913;-;1467500;1467495	0.98786431921683	256.568170134632	0.285040397517816	1.47887139732259	17.2072645033479	0.0100000201413523
12;101789467;101790176;ARL1;101789449;-;20850757;20850742	0.568580238198653	771.008362663331	0.0100049432736386	1.26954362766392	74.5593571605393	0.083743186012063
12;105514376;105514866;KIAA1033;105514878;+;20974676;20974677	3.35506005611342	52.8468816715021	0.0100000099862599	2.27111595262858	7.02520342551408	0.0100000473390248
12;108917427;108918092;SART3;108917412;-;21052768;21052757	0.865189926711516	559.917222671078	0.0100023572357404	1.49969358618973	29.052785503629	0.0804259968713541
12;109536444;109536977;UNG;109536993;+;21093260;21093263	0.100000734619289	349.515555647674	0.166715438679802	1.44530250748498	59.8019640333292	0.0100000887098944
12;110437590;110449795;ANKRD13A;110449809;+;21147617;21147618	1.07996097459941	81.3006461181661	0.0100004495232917	211.878031905059	990.362400108934	0.249979471384489
12;111947439;111947694;ATXN2;111947424;-;21255109;21255099	0.152077263811152	183.740275172246	0.0100004596236817	3.27743022352335	68.761091333435	0.153087393512641
12;112451414;112457543;ERP29;112457559;+;21298240;21298242	0.60766988414706	166.145734041428	0.560521587178665	0.72174587141756	8.19121297418529	0.0661787910361066
12;112915535;112915638;PTPN11;112915660;+;21340400;21340402	0.10000065571191	49.7253843646408	0.200144070493956	2.44738252890703	9.54649347636082	0.0100001756290246
12;113346630;113348840;OAS1;113348855;+;21351972;21351973	0.728171975460683	83.1202931947598	0.0100000201835854	1.00445997919755	2.03087444167891	0.0676596069389953
12;116413155;116413319;MED13L;116413119;-;21440884;21440855	1.5066591068838	112.097371941606	0.0100002587849436	1.6511837484393	9.72471663787996	0.0100000996029319
12;122701153;122701305;DIABLO;122701132;-;21810386;21810371	0.687450986851424	736.606634809888	0.010012215595066	1.96954166144858	396.462069044539	0.166970707350142
12;123340160;123340362;HIP1R;123340377;+;21867076;21867077	1.98021276902958	146.450452935377	0.010000940082633	1.57967914567997	12.3633272363369	0.0100000196644902
1;212515623;212519131;PPP2R5A;212519144;+;7863306;7863307	2.61567192341981	182.313603513681	0.0100000780671895	2.08551672038304	5.73282413998013	0.0248900922013843
1;219366594;219383856;LYPLAL1;219383873;+;7966973;7966974	0.250746058342826	173.847265301538	0.0100000438174619	0.91155446678653	121.794467963665	0.0100010852236984
12;21627930;21628401;RECQL;21627914;-;18395272;18395246	0.825455257650874	152.831183716854	0.010002350394497	0.626509165234074	6.75431591887676	0.0100003769310334
12;22824290;22826416;ETNK1;22826433;+;18424823;18424824	0.100001107972978	222.285966528648	0.18218191941623	0.429547034281426	15.3022108320404	0.010000127173785
1;223931921;223932986;CAPN2;223933007;+;8061270;8061271	0.911981030808708	988.00768990029	0.010001025446835	5.21005781943805	358.69250499603	0.162250619862297
1;224588788;224592131;WDR26;224588772;-;8108738;8108717	0.200734684719806	997.906064627686	0.0100006526767189	0.775439502336124	131.018375769315	0.0100000157236714
1;226043662;226044352;TMEM63A;226043642;-;8165792;8165777	0.550226116932605	451.663284578557	0.0100016417574495	3.35416534210502	312.905112832955	0.0100000055199647
12;27156339;27167010;TM7SF3;27156324;-;18508431;18508407	0.650926425246901	259.416149597055	0.0100011910139383	16.9471769216407	999.997707385961	0.310817165015045
1;228335401;228336058;GUK1;228336071;+;8284655;8284656	1.52170412743765	959.385357548488	0.0100000961109427	3.60623814186658	51.6231826958195	0.0100000029870108
1;229407118;229422214;RAB4A;229422232;+;8344335;8344336	0.880760642701712	249.724680397095	0.686694987821566	1.05186903854928	12.5727309625345	0.0100003441672086
12;29450134;29460566;FAR2;29460590;+;18557891;18557892	0.100000481282875	219.136249843324	0.313081696632046	4.05664906415474	31.0591530497754	0.0100001897082079
12;2986449;2994428;RHNO1;2994448;+;17689002;17689003	0.839368306694367	176.626187518392	0.010000557675252	0.709037005917162	2.53457102092354	0.0100000175766635
12;3390984;3392189;TSPAN9;3392210;+;17710842;17710843	0.727083274109876	185.441472283669	0.010000605962558	0.868693136042008	16.4426232336528	0.0310528009533228
1;23398691;23399766;KDM1A;23399784;+;1642883;1642884	5.98269557911914	398.955860139275	0.0100001502290258	4.27703449671116	51.7398628152919	0.046501631910839
1;2489908;2491241;TNFRSF14;2491261;+;426282;426283	0.59763025421802	711.433911185179	0.010000755667955	5.12084929350586	940.639127339631	0.0100001329469852
12;49959463;49959859;MCRS1;49959451;-;19221615;19221589	0.771951479758906	234.169473430889	0.0100010002053541	1.76959210063836	74.6000253284621	0.0100000107568802
12;51174022;51189680;ATF1;51189691;+;19338435;19338436	3.17874365638058	116.513766595573	0.0100002346672247	5.71947610067742	43.2587638166	0.0100000398946375
12;51442262;51442795;LETMD1;51442816;+;19354887;19354888	2.10953074557153	168.573929819247	0.0100009152807851	15.258247607261	235.748192673939	0.15813639310443
12;53421973;53427574;EIF4B;53427589;+;19571145;19571146	1.29441242186332	139.714766357496	0.0100000371433991	1.65749244189942	32.7693776562902	0.0100001255983641
12;53700105;53700443;C12orf10;53700463;+;19618154;19618155	1.66710638623488	457.759926904867	0.0100003021228026	1.87153980051858	107.780909595051	0.0100003267795089
12;54059237;54062931;ATP5G2;54059213;-;19660380;19660321	0.100000016004313	0.56060455826557	0.855512627969212	0.303087908015909	0.282841494897372	0.0100000187720697
12;56349663;56349886;PMEL;56349648;-;19786305;19786289	0.414880994274321	999.105369997116	0.0100000032725193	1.50617097320243	999.763405016655	0.0100000209989216
12;56361954;56362539;CDK2;56362561;+;19789967;19789968	0.487751884199021	927.008851226018	0.0100006888109755	2.23551732673003	38.9345541545048	0.0697301911559898
12;56503078;56503622;PA2G4;56503640;+;19811637;19811639	0.100000000094114	1.32104552698632	0.0253103378669362	1.64251211593053	1.19193144620228	0.0100000002596371
12;56528213;56530506;ESYT1;56530527;+;19819446;19819447	0.169474512592785	997.790232145597	0.348184376525772	1.31548424393291	520.346229685132	0.0100002998978824
12;57911243;57911488;DDIT3;57911222;-;20026278;20026257	1.83888982822538	309.415733786654	0.0100007632700696	1.23649127738207	9.46409770784974	0.0100000043635424
12;58109977;58110164;OS9;58110194;+;20055175;20055177	1.59731745499224	976.962226819822	0.0100001395623366	1.86735732618344	79.990003746613	0.0284397792626692
12;58145536;58145957;CDK4;58145520;-;20067215;20067166	1.97812118998329	915.633719212919	0.0100003928670568	9.85496814843571	736.467946326407	0.115885166316992
12;58163207;58163347;METTL1;58163188;-;20069371;20069353	0.882284402219694	329.169426541717	0.0100004823857859	3.88594539386059	111.339211021768	0.201952852399711
12;64178853;64195829;TMEM5;64195870;+;20147560;20147561	0.15315947255179	151.427703424255	0.01002321148417	1.94924033328947	358.78193246329	0.0100009070598994
12;64199185;64202434;TMEM5;64202454;+;20148473;20148474	0.315228817627424	154.746257164925	0.0100022145941547	2.51194645133176	22.0609425525509	0.0305070066868454
1;26609461;26610632;UBXN11;26609429;-;1865449;1865402	0.133168112511062	330.801745605906	0.0100020493054256	28.4974037386338	902.361402369419	0.300083020781462
12;72312329;72314492;TBC1D15;72314510;+;20381884;20381886	0.523225499654138	232.014463223642	0.0100026570161636	1.10518354557929	57.9894707039512	0.0100001253511842
12;72315235;72316743;TBC1D15;72316762;+;20382121;20382124	0.10000012519654	107.267983846154	0.759562477352438	2.40594704102206	33.2084827461057	0.0100001523916154
1;28907181;28907622;NA;28907159;-;2096495;2096476	1.48394571122601	224.389362074916	0.0100001191616206	2.07597363088138	71.6564014479673	0.0595524607233809
1;29522568;29522709;MECR;29522526;-;2145743;2145717	0.161637463261816	232.467236641812	0.0100143762729948	4.50987491600512	88.2283223486484	0.218262284740513
13;103297360;103298629;TPP2;103298643;+;23939888;23939889	0.249784603121118	125.269484722829	0.0101471849829621	1.40586332922106	2.51386747424113	0.14475240722241
13;103422451;103426031;TEX30;103422437;-;23944381;23944352	0.557804240185736	89.5589683683239	0.0100024129424326	1.04266712386659	6.58974922226452	0.143574663667913
13;113864403;113873243;CUL4A;113873258;+;24167799;24167800	2.42471853551372	470.224939062317	0.0913592114824049	0.813218469238791	17.3119073014942	0.0100001653161403
13;113915074;113917776;CUL4A;113917800;+;24174960;24174962	0.214114101140828	409.234047919747	0.0100095058579522	3.16894743336334	57.1078302669284	0.0245753839515336
13;20315804;20325410;PSPC1;20315790;-;22626891;22626875	0.100000133994597	247.570717246065	0.333538163644537	2.44526328000878	193.307527074209	0.0100000285745251
13;20656271;20656905;ZMYM2;20656920;+;22649512;22649514	0.999163634889141	191.735550697692	0.0100006624220798	2.73310032110458	49.0756269112304	0.0100000104557725
1;32377443;32381495;PTP4A2;32377428;-;2256804;2256746	1.49296559831496	101.586258022548	0.0100000325209163	1.41116562801346	14.388098000359	0.0100000033447099
1;32573736;32620169;KPNA6;32620188;+;2276729;2276730	0.10000038005192	88.8261746335253	0.425755931707563	0.866348429985867	13.0137200228726	0.0100002293987696
13;25889606;25893446;NUPL1;25893463;+;22783945;22783946	0.629392941434896	128.228895330331	0.0100008073883967	1.79529128948188	70.6731424610276	0.0100000559552318
13;26970492;26971275;CDK8;26971289;+;22800675;22800676	0.153285795562386	14.2263882489265	0.0100023574933562	17.1488914074911	9.1215774208546	0.0100000028367684
13;28196147;28196977;POLR1D;28197011;+;22829778;22829783	1.80342089328408	402.630646480002	0.0100004773171459	7.95877258940801	554.914880541252	0.0100000101837425
13;45841512;45857556;GTF2F2;45857576;+;23215858;23215859	1.75902842072579	188.249070525313	0.0100026186775468	1.71867171010777	27.7515398017313	0.0100000391775442
13;45911539;45912794;TPT1;45911524;-;23223807;23223675	1.19142350492767	260.660391239861	0.0100000098753061	1.53518131981877	7.50219671294422	0.0100000334917122
13;45912933;45913631;TPT1;45912912;-;23224878;23224833	0.206247490402253	0.632613609457394	0.0100012513223235	4.24700323042192	0.493955829409507	0.0274279484257353
13;48615253;48619779;NUDT15;48619795;+;23296334;23296335	0.326766899029425	117.429141691378	0.0100017089069861	1.25585750597919	21.4554872775035	0.0100005593326023
13;48654127;48655780;MED4;48654112;-;23299263;23299243	0.779492911222459	352.512905973057	0.0100024635181056	2.86352277663505	191.245385673459	0.0100000149581017
1;35871070;35873587;ZMYM4;35873608;+;2466540;2466541	0.208884563942042	119.704364397307	0.0100015141103989	4.28926789179561	28.9943173762137	0.101181338977371
1;35917393;35919157;KIAA0319L;35917378;-;2472316;2472307	1.41619272421289	223.259815268583	0.0100003170738419	2.54457742338146	37.6410258226553	0.0166120793203317
1;3656967;3659367;NA;3656952;-;565745;565723	0.984794737417244	73.4464691834771	0.010000171229338	41.1719363420222	566.962832125081	0.0100000631957198
1;36784766;36784849;SH3D21;36784860;+;2551861;2551863	2.85115770828275	97.3170716880196	0.0100002631837965	4.36150211055659	20.5957447393686	0.0497968538543923
1;3697918;3698075;LRRC47;3697901;-;569581;569566	0.589160523934316	496.869104797881	0.0100044342129492	3.57852859301303	448.010830351668	0.0100003261189506
13;99127257;99127503;STK24;99127233;-;23850818;23850806	0.858702192647796	603.060385469574	0.0100007163463942	3.29214752410122	38.287946270116	0.108088414091149
1;40034631;40035266;PABPC4;40034612;-;2720706;2720680	0.25456951324758	999.996649871498	0.0100004045450007	2.59521823971442	999.690741529206	0.0100000518260882
14;102874957;102880958;TECPR2;102880972;+;26717290;26717291	0.100000555337271	31.3870865297214	0.811003252059757	1.50600009287467	23.9772934925815	0.347150813228644
14;103406081;103406166;CDC42BPB;103406065;-;26759230;26759219	1.03586452982243	611.788266959548	0.0100008434872464	1.15005662070153	171.532081422725	0.0100000665226842
14;105176526;105177255;INF2;105177273;+;26888141;26888142	0.762259875877368	357.784495739473	0.0100004222134588	1.86623180016296	12.591663275166	0.0311495584526511
14;105677649;105678449;BRF1;105677631;-;26981982;26981962	0.13197130065051	120.292938126145	0.010000059691126	3.59155771632922	44.8538488748186	0.0100000805885148
14;21556258;21556973;ARHGEF40;21556988;+;24377886;24377887	1.87161122208126	304.254680261182	0.0100003148975771	1.15910823534292	7.60625575510068	0.0534706201225416
14;23237381;23238985;OXA1L;23238999;+;24457779;24457780	1.01542043720201	162.107179278757	0.0100000391308011	1.93564260965574	17.9831061608238	0.0100001833061067
14;23242938;23243141;SLC7A7;23242926;-;24460403;24460388	0.570065467398533	182.986822359249	0.0100003080073645	2.42668042870074	16.5937746479984	0.455149003533334
14;24707612;24707778;GMPR2;24707794;+;24672913;24672914	0.720480512209172	399.276229182553	0.0100016350444885	1.0818647002037	23.1253086309849	0.0100000089236233
14;24740221;24740318;RABGGTA;24740205;-;24680087;24680084	0.142167531386815	6.90249183200884	0.0100364042545307	4.39568483210996	5.76896251773399	0.0100000388200126
14;31169465;31171484;SCFD1;31171501;+;24760809;24760810	0.174865811451613	661.89271691494	0.0100087462988676	0.799803297401896	21.9312744353474	0.0100003698770003
1;43917718;43917875;HYI;43917685;-;2928140;2928095	1.04900783085789	223.337225316404	0.0100006627262225	4.04824982291955	58.603468204072	0.0944623486886998
1;44132227;44132609;KDM4A;44132624;+;2948715;2948716	0.123728992158284	137.981805571094	0.0100053878609497	0.585843880140088	4.20608807894427	0.0100001050128974
14;50196267;50199397;KLHDC1;50199421;+;25094174;25094175	0.245394887592733	19.2103722619675	0.0100042448475735	1.60472533454772	15.6400306138429	0.0100008679996228
14;56100060;56101230;KTN1;56101243;+;25302536;25302537	0.546823906512534	643.205050351182	0.0100021429724385	8.51888271112066	294.681737825912	0.211861138529572
14;58758441;58764672;NA;58758426;-;25357011;25356989	0.317639751379536	122.951876273121	0.0100004821424968	0.666912162676566	5.34877583997384	0.0100000774581206
1;46068038;46070588;NASP;46070607;+;3080581;3080582	0.400707571419581	829.348640224174	0.010004839842512	11.7318643020142	431.764867856257	0.154962602216213
14;65390845;65392708;CHURC1|FNTB;65392727;+;25547383;25547385	1.01778911705062	510.041056662599	0.181434840890857	1.32322201732003	28.2991701806056	0.0100000174324472
14;68241850;68242576;ZFYVE26;68241832;-;25639140;25639129	1.0307748291261	32.1216310478297	0.0100004376535432	3.55942945956926	10.4987327404344	0.16134200694015
14;68244486;68244842;ZFYVE26;68244453;-;25639306;25639300	0.100000111618626	122.80390162895	0.959263230061109	0.928910254973819	23.5528356991903	0.225331722928667
14;70235000;70235299;SRSF5;70235329;+;25722702;25722708	0.198151477016242	1.16776828713846	0.14398347367686	987.015336953599	197.741316939056	0.199796275569559
1;47108989;47110832;ATPAF1;47108974;-;3159362;3159344	0.100000363731454	277.267640579959	0.0719246198184505	11.4343863854449	191.011973696972	0.114912502800539
14;74358912;74360478;ZNF410;74360499;+;25887057;25887058	0.699476632601354	110.865824280418	0.010000007537299	4.24593149601538	14.3762245950836	0.0971694345496122
14;75356053;75356580;DLST;75356599;+;25953222;25953224	0.727294559001481	1.35352945027817	0.0100000840338584	11.3319518242165	0.24455225306139	0.0143342065529655
14;75474492;75475713;EIF2B2;75475733;+;25962114;25962116	0.11715363060196	357.731045601843	0.0100109367140108	0.704405888153577	30.7292282228228	0.0100010186530404
14;75509202;75513078;MLH3;75509181;-;25965013;25964990	0.353098732385054	63.2425892918435	0.0100001100545794	0.822886485203536	5.03169106276994	0.0100000947607954
14;75581034;75583897;NEK9;75581017;-;25972707;25972697	0.100001320262416	55.8547575129678	0.934333312260308	15.1654642671198	998.506918944302	0.578041218997036
14;77793249;77793790;GSTZ1;77793814;+;26061564;26061566	0.415719441361678	455.926908197454	0.0100014778464369	18.9798383889717	540.063383291958	0.108002657085141
14;78203439;78205120;SNW1;78203419;-;26089607;26089594	0.34170086514371	120.430815929896	0.0100014263819194	123.162547520442	997.409723943007	0.190718556732088
14;89305917;89307192;TTC8;89307208;+;26198924;26198925	0.207410414777075	187.549259314992	0.114010171210166	1.93645099114319	226.336721244227	0.0100010344505327
15;25207357;25212162;SNRPN|SNURF;25212175;+;27724066;27724069	0.100000336418685	25.1073521172697	0.898338882212784	10.6370800969042	743.03396766959	0.0100000201664532
1;52880320;52880412;PRPF38A;52880433;+;3328396;3328398	2.72312383120461	124.159326578409	0.0100001238025029	3.80690321264256	13.9693158946326	0.0100000207082658
15;40849590;40854970;C15orf57;40849572;-;28154154;28154138	1.11113120851764	205.409276836792	0.010000443361148	1.04790592998457	13.8133042459694	0.0651360002578204
15;41130904;41136376;NA;41130885;-;28178049;28178027	4.19979633742472	88.6531507602556	0.010000009039981	2.56968773935838	1.71958060679298	0.0100000119293137
15;41762591;41763349;RTF1;41763369;+;28238244;28238245	2.20525090285244	999.301244853269	0.741409018322157	7.21881096335887	95.9601495662889	0.172761693611522
15;42510051;42510520;TMEM87A;42510032;-;28295613;28295591	2.72084443080572	422.769467515506	0.0100001175002512	1.1566979498102	40.4472715154085	0.0100000551562277
15;42700523;42701479;CAPN3;42701500;+;28307305;28307306	0.583766766789838	830.872869863895	0.0100002089519484	0.858495019601912	10.8745155887879	0.0100000094638145
15;42738875;42740269;ZNF106;42738857;-;28313938;28313918	0.256835402630687	219.924552504092	0.0100018047482522	11.9769819297037	170.992145094269	0.0100000644599441
15;44862872;44864880;SPG11;44862857;-;28463652;28463624	0.583011992519375	212.165653065841	0.0100000786423251	1.353822570652	38.6794004202183	0.0971727862684479
15;49420971;49421673;COPS2;49420958;-;28583184;28583168	0.579293257726231	206.00066901928	0.0100024722692685	0.438151493863908	1.85198222888061	0.0100000323751463
15;52615660;52620048;MYO5A;52615642;-;28707270;28707261	0.172518988744372	182.323678279922	0.0100010129617927	2.63429570045224	49.2639406196064	0.0100001272201315
15;59209220;59224554;SLTM;59209199;-;28861408;28861372	1.99097204774904	135.328148224735	0.0100048797052258	1.3027002266067	5.59136114417759	0.0100000016791525
15;64428610;64429044;SNX1;64429059;+;29037832;29037833	1.47992389749219	997.99670895445	0.0100000486394748	4.26351113672955	716.210074911065	0.110480805500529
15;65262578;65266939;SPG21;65262561;-;29113687;29113668	0.37868968466692	715.089976308487	0.0100041843292752	1.86848836254065	357.970524889204	0.0100003184414718
15;72859519;72862504;ARIH1;72862517;+;29418548;29418550	0.822110515542771	169.85696498193	0.0100014928145273	2.92366785452148	30.2829832212837	0.0688634257665499
15;75075062;75090552;CSK;75090573;+;29521712;29521713	3.40881806970032	303.463752307449	0.0237211453353504	3.18327908874847	59.2017340425236	0.126665197226555
15;75131105;75131350;ULK3;75131087;-;29530918;29530894	0.437225449189518	213.060792586267	0.0100032513050253	5.09984299468334	42.1590923461826	0.0870072857940853
15;75651511;75651668;MAN2C1;75651495;-;29581922;29581875	0.100000887910487	184.705185655395	0.0545582169587324	4.14327370472559	557.836994336435	0.0100001512903421
15;89870311;89870397;POLG;89870295;-;30063061;30063044	1.93596162685526	97.2346565670281	0.0100002441386499	3.52750388133293	28.6652763047656	0.0100000106542839
15;90775578;90776900;CIB1;90775560;-;30134262;30134228	0.737670872219604	922.029923911889	0.0100002316213487	1.60979993454672	66.9570992452869	0.245932090435026
15;91549975;91550179;VPS33B;91549960;-;30206537;30206529	1.64071242136798	113.802744299584	0.010000017942461	5.7552438971165	76.8092364836405	0.0100000702079164
15;99456512;99459168;IGF1R;99459192;+;30341770;30341771	2.16382587855129	909.885015416707	0.346384727507158	1.05083251599549	27.9793721428349	0.0100000122088316
16;15129411;15129852;PDXDC1;15129872;+;31580766;31580767	1.40188515317507	363.795971033487	0.0100011178418639	1.48511209121706	22.1847654755639	0.0100000095714125
16;1636294;1637198;IFT140;1636277;-;30740346;30740327	0.100001081901127	130.455982003259	0.798984951265575	3.6347860232495	75.2157095683219	0.0100005358423068
16;1828341;1828435;SPSB3;1828323;-;30786600;30786552	2.49745441353861	172.78704589484	0.0386352631755825	3.79264212224921	80.4614263526405	0.0160619886948596
16;18799482;18800302;RPS15A;18799465;-;31738648;31738591	0.37897731495906	3.53365737178997	0.0100000831381584	0.972252360816997	0.837196525113062	0.0100000167738929
16;2577987;2578051;AMDHD2;2578060;+;30931463;30931464	0.797573951233887	349.550623406017	0.0100041095556781	4.08942898641129	105.457010341446	0.175349430208771
16;30958270;30958352;FBXL19;30958372;+;32514781;32514783	3.3595896558464	200.987414734238	0.0100040933461058	1.5025805680581	7.03678781577478	0.0100000028995703
16;313775;313996;ITFG3;314014;+;30502547;30502548	0.871749227126103	537.640451797056	0.0100004394614181	6.41853041937443	158.421941418721	0.140010304367043
16;47347748;47399698;ITFG1;47347735;-;32768359;32768335	0.963038227733775	241.404801964962	0.0100002204978856	3.00975112710963	49.8636953864876	0.0627619986883013
16;48330077;48333556;LONP2;48333572;+;32787734;32787735	0.118697621258214	874.952766046508	0.0100008570548707	0.937853297605015	125.937869579376	0.280524097008441
16;56548608;56553657;BBS2;56548593;-;32973724;32973702	0.100000846259613	132.159704442901	0.0338754590280587	3.76568403906225	68.9972802962795	0.0100001113209
16;569025;569732;RAB11FIP3;569753;+;30551266;30551268	0.828954036537625	442.162701540273	0.010001036618845	1.99762054580257	76.586789936274	0.0100000764173783
16;58200606;58201110;CSNK2A2;58200589;-;33107527;33107515	0.282417570678093	387.112737670292	0.0100055872912408	9.45066268340862	608.734592752611	0.0100000631457189
16;668261;675419;RAB40C;675431;+;30577859;30577860	2.39146149481803	177.32210006007	0.0931622005265575	5.35313023964096	59.1730166318922	0.125096590482967
16;67262535;67262681;TMEM208;67262699;+;33276780;33276782	0.169621156645396	831.612912972374	0.0100038961186231	2.07803088655875	190.622095153147	0.152590952199188
16;67692736;67692830;ACD;67692720;-;33329471;33329444	2.45731552233049	91.6908690032029	0.0100006695432753	3.47656909850966	19.8315078923104	0.016638820353679
16;69155088;69155338;CHTF8;69155074;-;33460680;33460652	4.06250467210408	221.355798719123	0.0587982317942967	10.8735423339516	97.2724689813162	0.0471395698095332
16;70292148;70292882;AARS;70292121;-;33564889;33564863	1.22186504813908	750.57343289393	0.0100020217052758	0.458651702691389	10.9417610511313	0.0403680752211681
16;70499080;70500019;FUK;70500034;+;33593835;33593836	10.6277211726872	999.850695952457	0.946442029830269	5.90904103951721	43.3400481509981	0.166263603192475
16;708345;708509;WDR90;708524;+;30591187;30591189	2.10225247402863	55.3875004078559	0.0252922156728247	4.77703150282595	5.97833350416039	0.112800139542996
16;72139524;72139882;DHX38;72139903;+;33692853;33692854	0.333882104588389	250.641566061055	0.0100175381767047	1.39683599488671	43.1015179987839	0.0100000720855192
1;67891987;67895670;SERBP1;67891969;-;3740073;3740035	0.100000020132283	0.100000105025327	0.661161428350606	997.040702833806	0.100000017372782	0.0100000001124202
16;843275;844033;CHTF18;844053;+;30636970;30636972	0.493897596334018	162.251393957759	0.0100000764187308	2.17209735808152	5.75178235605298	0.0853079404487278
16;8733020;8734963;METTL22;8734987;+;31296537;31296538	16.6804912892248	999.200148534208	0.987887164586719	1.33735985504735	18.4394702943294	0.102401920645445
16;88779856;88780038;CTU2;88780054;+;34298016;34298017	0.279513497334269	122.130948464495	0.0100145742709152	0.988560122572217	10.4128522357316	0.0100000361873949
16;89778631;89779081;NA;89779096;+;34448156;34448157	3.8275184678357	49.8843736860448	0.0100001514101303	7.62765744772115	2.25644470836009	0.0208578430841311
16;90104257;90106693;GAS8;90106707;+;34512116;34512117	0.865756879503276	136.163465864243	0.0100003854462022	0.671784306307938	4.00468133400905	0.179569470050655
17;17062317;17064532;MPRIP;17064553;+;35649330;35649331	1.11065652244783	3.3975423492259	0.073896421738486	3.11763576513409	0.772800086743285	0.0100002631063374
17;17925187;17927937;ATPAF2;17925172;-;35724677;35724666	0.493858271486071	195.728311455549	0.01003040293291	6.63400831923221	80.9359994206672	0.0100000090296295
17;2266429;2266727;SGSM2;2266758;+;34801700;34801702	0.390385873184017	61.7588091208855	0.0100002735636545	1.06362088912247	15.5582133113655	0.0100005283722658
17;2371189;2376817;METTL16;2371171;-;34818003;34817993	0.100001057972543	58.4821708057861	0.347688889584386	16.0202448921978	333.105950914661	0.0100000467443205
17;25621462;25628792;WSB1;25628813;+;36044374;36044376	0.741004385040926	238.478425402587	0.0100004965264142	0.939644779008944	22.7337544297428	0.010000177713393
17;26969116;26969292;KIAA0100;26969097;-;36140193;36140166	0.810598904400216	262.294074713411	0.0100002664509036	5.5608252968433	233.967456855292	0.0892931030280725
17;33319712;33321272;LIG3;33321294;+;36483861;36483862	0.573368351491942	85.6849196677001	0.010000035272319	1.42824453965935	5.4871201611224	0.0100000069586918
17;34147442;34149625;TAF15;34149643;+;36535388;36535390	1.33312112324181	847.489777907205	0.0100000516769369	0.436954239757412	22.0598259124093	0.0100000248361373
17;34854422;34854918;MYO19;34854404;-;36568764;36568752	1.49786082408577	211.88301422792	0.0693548513441153	0.913922249638782	12.1933317553656	0.0100002273578537
17;3518869;3524530;SHPK;3518832;-;34873890;34873860	0.196693495985794	89.7185164739602	0.0100210859121955	2.43391669743178	8.24740769373661	0.202888314536772
17;37359363;37360302;RPL19;37360329;+;36745288;36745290	1.03857075146135	412.117372697652	0.0100002277971466	1.52843380737199	83.2492993628176	0.127207059804402
17;37816527;37816662;STARD3;37816683;+;36791373;36791374	0.859992617592497	703.086140126157	0.0100001609736614	2.19249936176145	110.548458650116	0.0100000455553431
17;38324202;38324433;CASC3;38324455;+;36861293;36861295	0.870146903300395	553.358022533522	0.0100012309015641	19.3096435701952	999.307492025337	0.247529806158606
17;39974780;39975444;FKBP10;39975461;+;37031851;37031852	0.22162978482093	999.920032977548	0.0100018603200543	3.56642747974772	999.238075248531	0.381365704867521
17;42272550;42272786;ATXN7L3;42272509;-;37325275;37325261	0.464776968780209	616.192003224029	0.0103761129736837	2.56810152584158	104.250094548921	0.196981117358411
17;42427709;42427793;GRN;42427809;+;37349735;37349736	0.621332934616116	999.847116222481	0.0100000082414055	1.4496060732774	754.472783249403	0.0100001479768326
17;45755556;45755650;KPNB1;45755673;+;37624979;37624980	0.574814850917561	999.995427190605	0.0100011351739997	2.13299410676638	643.649595131601	0.0100001469767935
17;4796064;4796240;MINK1;4796273;+;35007520;35007522	2.37885389071969	160.734459823419	0.0612728068076527	2.37105496073248	21.9691737767067	0.0100000218956027
17;48445675;48447392;MRPL27;48445660;-;37851554;37851526	2.17599149890586	183.441173084525	0.0973576154281905	2.82714397273496	57.3794122873084	0.0100000169657933
17;48627674;48627874;SPATA20;48627896;+;37872207;37872208	0.156638639360526	757.97036800507	0.0100057158718729	0.579925140618572	161.252445137904	0.0100003640209809
17;4862968;4863054;SPAG7;4862939;-;35028422;35028402	0.325288117464461	700.451879477569	0.0100020218334757	2.10155045504779	105.008299277678	0.0100000198153451
17;56082979;56083161;SRSF1;56082962;-;38045870;38045845	0.622641532261873	944.069995101231	0.0100000424747729	1.76430067062217	73.7057856246784	0.0111556746887683
17;57079103;57089688;TRIM37;57079076;-;38111693;38111654	4.60996347776832	35.5603336185891	0.010000032924973	6.27265902659773	9.85645652891229	0.0100000059791931
17;57148330;57153007;TRIM37;57148309;-;38116315;38116292	0.174888543416279	46.588668814166	0.0100006632457747	7.6555582250506	21.0621038564259	0.0710249558297317
17;58018305;58022745;RPS6KB1;58022766;+;38190472;38190473	0.387711040280231	122.548751711849	0.0100010148309635	1.69410739455817	35.4931322994205	0.0100001264252778
17;61511982;61512446;CYB561;61511956;-;38337435;38337419	1.66148592222998	403.319188150426	0.0100002187349509	9.77908108679386	192.104731610336	0.0368872549950591
17;61869923;61875381;DDX42;61875397;+;38377964;38377965	0.715891469694756	240.169517850396	0.0100019007859352	9.89103577119015	665.105748646855	0.0100000069431453
17;61910804;61910946;SMARCD2;61910781;-;38389621;38389602	0.70388739351396	733.662698879018	0.0100008944357149	1.74863032652654	131.692665924934	0.010000011407396
17;62574713;62576906;SMURF2;62574695;-;38457894;38457876	0.407967319410426	60.3138635310356	0.0100002869287915	3.55069729364421	9.64105073365234	0.0100000353448435
17;63010963;63014370;GNA13;63010948;-;38488217;38488199	0.100000313413404	93.3943367616193	0.367806719726213	0.803404614297023	3.6273589278548	0.610640161867678
17;7150202;7150382;CTDNEP1;7150182;-;35189027;35189012	0.990867427568776	999.611981294124	0.613243993371557	2.1857130693231	103.110313633771	0.0100000099615731
17;73038783;73043019;ATP5H;73038755;-;38817675;38817624	0.735479935600693	798.952132328359	0.010000142158382	5.09070318334545	718.513098544735	0.191052841257177
17;73486840;73487110;KIAA0195;73487129;+;38878272;38878273	0.70882732976486	164.195102648976	0.0100001311113835	1.39190733490974	15.8729332245258	0.0100000289266899
17;73620720;73620837;NA;73620850;+;38909856;38909858	0.467719683356031	283.758956252023	0.0100009942816447	1.23117067368488	21.0519070970759	0.0100000855123189
17;73689563;73695838;SAP30BP;73695862;+;38919595;38919596	0.14573137260681	294.082316201139	0.0100013451257439	1.6668219176173	54.0408371467921	0.043706043259888
17;76109312;76109628;TMC6;76109293;-;39155470;39155428	0.332755426124232	169.629428971178	0.0100008072785457	1.32070317215203	51.6858076521291	0.164086486647556
17;78188583;78188831;SGSH;78188565;-;39324219;39324193	1.08306140818231	200.130308177676	0.0100008221461108	1.81258466985401	7.9990425167471	0.0100003425142543
17;79556146;79563141;NPLOC4;79556131;-;39500534;39500502	5.03844222537603	319.204740222168	0.0100027818095696	1.44763009961127	12.808930663903	0.0100000082977504
17;79580543;79589191;NPLOC4;79580521;-;39503065;39503048	0.100000171401587	112.781358935181	0.83731449622068	0.70792507014108	25.0026371627615	0.103247180231615
17;79862840;79862941;PCYT2;79862821;-;39580305;39580289	0.815305221148454	488.789628177629	0.0100019043934773	1.60457506952689	118.698924182286	0.0100000201055194
17;79990705;79990803;RAC3;79990822;+;39611492;39611493	0.620550497527311	532.536243612833	0.0100005377021406	6.1814360414619	677.915376080139	0.010000016289081
17;80013702;80013861;GPS1;80013876;+;39620494;39620495	0.358198164905622	446.15854427279	0.0100002533347752	3.87080898361862	70.7532919423317	0.0397852623080591
17;80209419;80210309;CSNK1D;80209404;-;39681694;39681679	0.105916762277243	738.610943490455	0.0100039723958429	1.68276426185354	121.063092482611	0.126566371989577
1;78430057;78430330;FUBP1;78430042;-;3904483;3904463	0.143102575471845	496.205823285463	0.0100022745409244	12.4516780056308	999.941384363868	0.118740256582228
18;12420493;12421520;SLMO1;12421538;+;40126246;40126247	48.3456299249704	895.29290049425	0.955744578238723	5.14563368070901	3.41384029707209	0.136073595157961
18;21751477;21752339;OSBPL1A;21751463;-;40411364;40411340	0.10000059636429	277.720177288617	0.133182925009234	4.30914340854849	701.954909853579	0.0100001135964982
18;224201;224923;THOC1;224180;-;39847324;39847304	2.33233040396546	70.228008141831	0.0100013709004737	1.76651385691403	7.36962204572995	0.0100000087969584
18;32823258;32834174;ZNF397;32834195;+;40554985;40554986	0.278642580673962	4.53008259390966	0.0100017412862108	3.3354669718058	2.65928848731481	0.0100000412576493
18;33724998;33725896;ELP2;33725910;+;40589680;40589682	0.953498167316394	188.924428029371	0.0100003266850278	1.67263644434464	11.2575064779429	0.010000131164014
18;33739794;33739904;ELP2;33739920;+;40590897;40590898	0.707884906030479	404.264700586873	0.0100005563016318	1.24710831515972	69.1393791449146	0.0100000302943069
18;43459193;43460039;EPG5;43459180;-;40685663;40685649	0.392020899601513	51.0102353813663	0.0100001633390822	413.213409504487	891.482512860523	0.1415790702703
18;43675114;43678137;ATP5A1;43675098;-;40700152;40700107	0.204855812753551	999.591770408448	0.0100007375506307	0.888652047476607	77.1750516636018	0.0581494988845244
18;47311743;47313660;ACAA2;47311722;-;40794357;40794343	0.100000004775463	0.100000016081953	0.384987652917498	997.2258585528	0.100000014643703	0.0100000000733027
18;67688070;67691957;RTTN;67688054;-;41108173;41108161	7.98945327052301	819.086855460167	0.955495669066647	5.51733761042109	624.744348105156	0.0100000153194975
18;683396;685920;ENOSF1;683381;-;39863211;39863184	2.78795734757701	111.585174892232	0.0100002431660376	2.48954520649616	1.80343772336838	0.0258735017835253
18;9133521;9136361;,RP11-143J12.2,kysaw;9133509;-;40025248;40025233	0.614901531136268	4.28076038893182	0.0100005519822988	1.12373962627509	0.289429055278923	0.0100000283271834
19;10197977;10200306;C19orf66;10200332;+;42703106;42703107	0.100001267769315	130.885010469513	0.937265518301889	4.00629744622941	478.814986550299	0.521842344426274
19;14031736;14034130;CC2D1A;14034145;+;43291956;43291957	0.537387118802414	175.439685869268	0.0100002543556902	2.6717066929803	7.60622829563387	0.010000009922533
19;15491445;15507960;AKAP8L;15491424;-;43457355;43457323	0.100000064335587	166.164712392769	0.707179947536084	2.33764759401161	20.621827747409	0.0761920294259324
19;2247022;2247564;SF3A2;2247592;+;41739069;41739071	0.952550959724253	997.705970917844	0.0100021127854822	3.07338297726559	72.5281402778352	0.032498661683429
19;23545542;23556543;ZNF91;23545528;-;44311021;44310977	0.445466247916665	35.9280114231289	0.010011805229778	830.830814073162	960.015462474139	0.241328533798664
19;3573799;3574338;HMG20B;3574380;+;41937441;41937444	0.565419708181475	309.573804669154	0.0100018184221704	4.23451992714053	163.535989206196	0.0462567693491635
19;39380799;39384053;SIRT2;39380785;-;45083224;45083204	0.100000088620321	896.893862643611	0.390164713411193	12.5994969160783	999.988457643168	0.35353223093402
19;39437246;39439206;FBXO17|SARS2;39437208;-;45097232;45097213	1.56224426169901	161.571139074182	0.0100000110931827	0.914111552028997	10.6197932157888	0.045162381919847
19;39964162;39964586;SUPT5H;39964602;+;45165325;45165326	0.908133738978527	619.28143644386	0.010001852722939	4.9784441080259	286.217506017627	0.0100000049201857
19;40871838;40872304;PLD3;40872325;+;45245588;45245589	0.348702891779073	998.440854882936	0.0100001232943094	2.29896604478164	600.963099017597	0.224572190911315
19;41084119;41084353;SHKBP1;41084367;+;45273391;45273392	1.25123862367037	194.089629332301	0.0100000357581431	3.23932041557047	25.0229973940567	0.0100000028146196
19;41220059;41220182;ADCK4;41220039;-;45295870;45295852	1.02063561234739	216.675614841258	0.0100466052052987	7.38126870097292	256.429957103035	0.186385785082229
19;41257387;41263214;SNRPA;41263236;+;45302830;45302831	0.518995381310149	520.83623874027	0.0100047599882023	0.860669832897211	83.7258255103097	0.0646678221385967
19;42866366;42866517;MEGF8;42866535;+;45509349;45509350	0.915298954276175	183.798632331773	0.010000536423912	0.775916411800249	15.3603867002981	0.0100002823202841
19;45572507;45573243;CLASRP;45573279;+;45737528;45737530	0.100000614816525	363.772192955427	0.402900576053037	3.45852778857973	90.7016975210983	0.010000002680872
19;49403630;49404025;NUCB1;49404042;+;46199043;46199045	1.3115701716934	922.049563685978	0.0100004911943694	3.62707100345506	135.829694019313	0.0628352361982287
19;50149460;50149761;SCAF1;50149782;+;46344693;46344694	0.221400008357098	319.278972593961	0.0100015078677058	3.85072309359979	67.5091492806992	0.080703692322631
19;5595522;5598803;SAFB2;5595509;-;42228756;42228735	0.757732647880218	279.581385442024	0.0100042770513145	1.71569371133199	14.3776912001386	0.0100001356629824
19;5679435;5679596;C19orf70;5679408;-;42241761;42241746	0.464218395095955	927.294179853613	0.0100025809507964	2.01581801091893	170.687449201701	0.0100000004116703
19;5790374;5791054;DUS3L;5790347;-;42261305;42261287	0.100000519374373	123.07413426578	0.644011677855878	2.06754815502439	118.806250035928	0.0100000053478698
20;1903292;1905386;SIRPA;1905409;+;54016236;54016238	0.151689439826912	999.271925328045	0.0100053964010776	16.6457583105028	996.563161239211	0.436362630490901
20;25478998;25481475;NINL;25478983;-;54598131;54598108	1.85803900461126	36.4422443397852	0.0100037494440776	15.6669920008394	31.0298619630525	0.049904823505417
20;330008;330259;NRSN2;330281;+;53930098;53930099	4.95031322191579	115.962598801074	0.0100000211867074	4.41892178828866	10.0278941276452	0.0100000091167452
20;33703762;33706400;EDEM2;33703737;-;55039169;55039128	2.42106822422458	108.265558967779	0.0509160055456477	2.40223617169094	29.0297802283834	0.0100000226365882
20;34144043;34144725;ERGIC3;34144743;+;55079248;55079249	3.61319091752722	594.504275427717	0.0100000007482263	2.11867384977886	5.88381287719966	0.0100000008447945
20;35282127;35284762;NDRG3;35282105;-;55188765;55188745	0.982002105919059	222.264615464582	0.0100008847232971	3.7251694778404	11.5845475530133	0.0715104451631395
20;36631196;36634598;TTI1;36631179;-;55274182;55274170	1.66375614195228	60.3430953532771	0.0100000098609164	4.83691081693449	6.83066567987646	0.037193723231996
20;37395021;37396088;ACTR5;37396106;+;55314102;55314104	0.100000042441844	33.9125171288869	0.694295329651614	0.499008908918974	4.10802824161962	0.010000149190892
20;37662961;37667121;DHX35;37667141;+;55326228;55326229	0.915091558840851	90.12533036606	0.0100004643706208	4.35598865548451	21.2607355933648	0.340065581817978
20;3845436;3846309;MAVS;3846329;+;54142665;54142666	0.655554773337893	172.596518717213	0.0100000774861945	6.06840881746366	94.6946162696957	0.321073946119813
20;4158225;4162427;SMOX;4162449;+;54169105;54169107	0.624975932343735	442.408868202036	0.0100012289021008	1.22756253041869	33.9595550572412	0.0100010151187947
20;45354964;45355453;SLC2A10;45355502;+;55580476;55580481	4.05722431736233	164.541608065677	0.0100001699931329	5.61858892739476	25.6852330199051	0.0163874810425238
20;47841737;47842951;DDX27;47842966;+;55705363;55705364	1.2356437242674	998.944462027032	0.66287098773268	1.35391381890897	26.6052534294381	0.286103353339747
20;61867798;61869236;BIRC7;61869254;+;56212692;56212693	0.196450841338366	999.238745951267	0.0100005036155041	1.69477743927765	181.122202792256	0.130483779371117
20;62577342;62577513;UCKL1;62577329;-;56340001;56339957	2.20706595894718	112.98475944424	0.0100005835522392	1.33908261836441	12.5666630877337	0.0100000476915724
20;62701989;62703210;TCEA2;62703222;+;56362910;56362911	3.11903822258339	448.184154580369	0.0100002026717968	2.48310197061963	7.50594664911009	0.0324120792967708
2;103348886;103353104;MFSD9;103348869;-;50538456;50538439	1.46321186928992	23.8020222648538	0.0100002662135923	2.03625127616086	0.928384507275633	0.0367950180959143
2;105713783;105716106;MRPS9;105716127;+;50556173;50556175	0.719528666120065	268.659005881747	0.0100002751137775	2.01859345851628	17.9056369787539	0.0798423366726262
2;109102365;109102954;GCC2;109102966;+;50608778;50608780	1.55618567413172	78.6912583920422	0.0100004750310756	4.97225817190137	2.51505385689047	0.0344698524710751
2;11907985;11911477;LPIN1;11911497;+;47792429;47792430	0.158254849904226	543.092442559199	0.010001272551037	61.5788042231895	954.316570184312	0.371795278166335
2;132288401;132289224;CCDC74A;132289236;+;51140466;51140467	1.72363309648917	51.3246252377173	0.110949776720253	987.899392748584	355.856618056895	0.389374535008536
21;34832829;34837648;TMEM50B;34832813;-;56958244;56958226	0.694594428914804	321.264211246967	0.201377663696345	1.58719159766017	115.193361673108	0.225172437216601
21;35275961;35276238;CRYZL1,ATP5O,DONSON;35275944;-;56993551;56993533	3.33534552791614	999.576072605224	0.0100000395978691	3.59313164512523	322.656955651095	0.0100000029811429
21;37416268;37417879;SETD4;37416255;-;57044865;57044847	2.8973131448319	53.2569657835469	0.010000140578544	6.23054124951099	9.3844677714149	0.0100000285152237
21;38570327;38572514;TTC3;38572532;+;57103931;57103932	0.19011636014972	70.3889516150282	0.0100014833000512	2.20968594679644	10.0528330851256	0.0291950082549202
21;47655361;47656742;MCM3AP;47655341;-;57599392;57599378	0.620766701413009	333.862081518997	0.0100011676263061	2.79393902217774	67.5014106042571	0.0100000005299416
21;47970658;47971529;DIP2A;47971546;+;57630022;57630024	0.185122594339429	137.167170448085	0.0100001808297134	1.72184867936597	5.26048934230637	0.0100001519454876
2;160673562;160676236;LY75,LY75-CD302,CD302;160673544;-;51576903;51576898	0.321123074333339	117.565435810778	0.010000766776241	4.86206831640328	46.2459612893845	0.294129508764123
2;170388019;170393736;FASTKD1;170388001;-;51720654;51720636	0.458897380571115	68.7327448889856	0.0100013235436384	1.4849989343027	4.29951808321451	0.0100000016425086
2;170669035;170671986;METTL5;170669017;-;51738975;51738950	5.4293036796301	374.706612534814	0.0100096258807115	3.3436201532927	32.4148216791273	0.0441806122429928
2;178096759;178097119;NFE2L2;178096737;-;51944463;51944445	5.68285860028847	405.250462551166	0.0100000970313872	1.91209558234499	23.3471422922394	0.0160221636240789
2;198267784;198268308;SF3B1;198267760;-;52346747;52346725	0.10000061318893	505.399702517722	0.129010406174939	2.20042527905471	44.5042539951528	0.43903292503671
2;202339479;202340328;STRADB;202340341;+;52471412;52471413	0.91008514873434	13.8729424858026	0.0100000117373244	6.33925237650416	12.2941281562222	0.0100000150280277
2;203160561;203162080;NOP58;203162101;+;52501323;52501324	0.400648903678289	998.865157496847	0.213663409344261	0.632653857127701	13.9477448254435	0.0100000124908974
22;19044700;19050714;DGCR2;19044676;-;57827863;57827824	0.36697548867239	307.070315674146	0.010000314740944	2.36503856001495	9.91807059680411	0.0485922962861663
22;19422418;19423149;MRPL40;19423160;+;57854361;57854362	3.94127977822348	408.14446945048	0.0100011053358941	4.80618720152149	83.8691810632093	0.0210226263587561
2;220111599;220111817;STK16;220111834;+;53009804;53009805	1.07991514526937	265.136439263792	0.0100057681969683	12.5913260069065	606.449055756701	0.367297099679729
2;220498180;220498587;SLC4A3;220498601;+;53074113;53074114	1.12712825016418	12.7297849422989	0.0100007747476212	8.76359878679204	3.33442606194891	0.181937856505313
22;21381247;21381786;P2RX6;21381796;+;58010171;58010173	0.858680328292901	16.539843891753	0.419489536556503	4.89690165129353	14.0157967233459	0.0100000421749357
22;22118552;22123483;MAPK1;22118530;-;58055462;58055447	0.685947001105438	661.864450995645	0.0100026169937887	5.43456729884588	651.965882742766	0.0100001824643175
22;30367052;30374413;MTMR3;30374430;+;58598618;58598619	0.588816501433325	72.4001604394238	0.0100001933245117	2.22416938128281	54.7155985644462	0.0100000353890887
2;232196610;232209660;ARMC9;232209686;+;53308474;53308475	0.100000007463763	46.7070286237011	0.538661746560885	1.28300373992598	2.48341926460344	0.0100001214208158
22;38021084;38021783;GGA1;38021803;+;59052959;59052960	0.807045555415474	999.754202253132	0.762297426637544	1.38383098178977	124.920822641175	0.364517662040415
2;238434449;238435971;MLPH;238436019;+;53548133;53548136	1.3963180193829	95.6628757658284	0.0100000090084988	2.45171543856237	46.5160612109735	0.0100000165551419
22;39064138;39066874;CBY1;39066888;+;59188480;59188481	0.409353045842217	244.543966124353	0.0100025526887854	1.26719794045691	8.27654335114531	0.0391761884694017
2;23977669;23980287;ATAD2B;23977645;-;47971592;47971574	0.100000052477135	33.3999828567832	0.315320718747994	139.713160198908	710.657361410523	0.448963950957643
2;24207702;24222524;UBXN2A;24222541;+;47983836;47983837	1.33115297624046	130.303308587245	0.0100000528922146	2.86976871034279	7.87879037847366	0.0660298979946956
2;242274628;242275373;SEPT2;242275389;+;53838589;53838590	4.07027304350723	564.942682105799	0.0100000157463148	1.49194196169757	44.285161688791	0.0100000039392073
2;242403396;242405071;FARP2;242405088;+;53852144;53852145	1.40158565533143	22.2178168986959	0.213718557343142	4.96278875200742	0.854964815543055	0.0812597984487669
2;242438608;242438671;STK25;242438590;-;53857367;53857358	0.389375063840928	999.709047792904	0.010005372791949	2.00248523405727	205.655524468424	0.117483290672952
22;43547611;43555197;TSPO;43555215;+;59636796;59636797	0.849468230663381	991.014269233634	0.0100012934709219	1.47252688771059	137.330541166462	0.0100000516660396
22;44559811;44564460;PARVB;44564481;+;59682969;59682970	3.52832227589337	479.796579790374	0.0100000763809883	1.93531545452578	44.6845327352755	0.0491613208023831
2;24538115;24550920;ITSN2;24538094;-;48005762;48005746	0.564706076465262	122.759124019974	0.0100010109565767	5.91533086906309	49.8251301440766	0.0100010439483139
22;50635781;50635865;TRABD;50635877;+;59975596;59975597	4.58461832008179	213.190252215857	0.0417034749530347	2.99936628780802	44.1828766936943	0.0100000014123345
22;50685177;50685303;HDAC10;50685165;-;59993972;59993953	3.52048510526688	997.400773922577	0.887472633681158	1.77517808944121	100.775106492516	0.0100000426897203
22;50832565;50845095;PPP6R2;50845117;+;60040098;60040099	1.67395516382824	124.12545418226	0.0100132421709268	1.49220471113894	19.8435240862314	0.0618919398594695
22;50878479;50879234;PPP6R2;50879250;+;60049776;60049777	0.99734650478395	297.203363536489	0.0100000558118167	1.86682196790624	87.5493112829219	0.0100000009050083
22;50966162;50966940;TYMP,ODF3B,SCO2;50966147;-;60079068;60079034	0.930774095477248	603.249399847913	0.0100000949827339	2.02940642504368	22.6428066753681	0.0605238748507572
22;51048739;51049118;MAPK8IP2;51049134;+;60093858;60093859	0.100003739137648	583.797105676515	0.142470083381556	2.05963255290477	92.3052349607812	0.135455860525352
2;26437446;26437921;HADHA;26437431;-;48101869;48101858	1.83042520003704	37.6652461593602	0.0100001432023351	2.89683792646658	4.71671612665504	0.0100000112006645
2;27590711;27590891;EIF2B4;27590690;-;48190248;48190226	0.259666755629384	537.642051363011	0.0100197372002738	8.24767658654421	997.433118203651	0.194121836536888
2;27822546;27822819;ZNF512;27822836;+;48217857;48217859	5.07412833556351	999.772643478625	0.907601397472799	1.13993070836487	17.4062901016541	0.0100039452070914
2;36780340;36782825;FEZ2;36780323;-;48446824;48446816	0.837218145403973	180.580915564882	0.0100002260700033	2.97632761320815	53.8185869647382	0.024688707608887
2;44145291;44145394;LRPPRC;44145273;-;48675253;48675243	1.58399202554053	470.87159247011	0.0100009442140608	3.16297229456629	64.094314071705	0.0304330939432808
2;55462099;55462548;RPS27A;55462563;+;48957587;48957588	4.08928492728005	234.020841874221	0.0100000405564959	2.3805045116647	13.9840675474185	0.0100000061470546
2;61415872;61416044;USP34;61415845;-;49067099;49067059	1.93820275176088	258.992363854004	0.0100002056397004	3.05528868190553	102.385614626288	0.0100000022573418
2;65316225;65318116;RAB1A;65316205;-;49219888;49219862	0.182108084723716	342.066014362519	0.0100045546914433	0.3885225865587	28.6271560648016	0.0100001847438527
2;68274469;68290089;C1D;68274452;-;49273162;49273098	0.348455246742829	11.7435163483209	0.0100001542380737	3.70238465784048	2.20224435111654	0.022529494149777
2;71654545;71655660;ZNF638;71655676;+;49428179;49428180	1.17546579800903	352.435722794577	0.010001840138847	1.35387737521917	22.4279808875665	0.0100000093300283
2;74682302;74682517;INO80B;74682532;+;49563694;49563695	4.03237085378677	45.5532875705687	0.114794092017061	2.65283616740691	6.31077021789328	0.155341575232355
2;85848703;85850728;USP39;85850768;+;49754097;49754099	0.100000114526574	128.128443455392	0.658867894990315	0.620426613902898	8.68327833989853	0.0100002720783923
2;96934397;96934993;CIAO1;96935005;+;50260876;50260877	1.69476246227378	390.599047176935	0.0100001592035576	7.09433440335733	162.295063911953	0.0100000023016201
2;97285514;97297048;KANSL3;97285500;-;50288234;50288201	0.497544151869288	68.9113498194781	0.0100014086011983	7.31443063618455	11.137180127039	0.0562256893487276
2;97297258;97302657;KANSL3;97297220;-;50289359;50289327	0.3940897368211	55.2822325122246	0.0100042694547767	110.367689316997	997.001080810357	0.461318889902688
2;99788124;99790377;MITD1;99788110;-;50411517;50411504	0.9232183544542	99.5515768189761	0.0100006809668694	2.64768800640045	25.1019620628512	0.0808756198688873
3;101293124;101298615;PCNP;101298633;+;62788030;62788031	0.100000130632717	47.7184811266974	0.537828360239071	10.7968248627672	92.600554038074	0.240979578182333
3;101401354;101401614;RPL24;101401337;-;62801048;62800996	0.268334077455339	2.10725867152242	0.0619961773305118	18.3330022435708	1.01041147089311	0.0100000000197281
3;108403189;108405274;DZIP3;108405291;+;62890617;62890618	0.821875221054489	59.0909506378228	0.0100003044722595	1.34800152900451	3.14337527820606	0.0500970146109361
3;112724878;112727017;C3orf17;112724852;-;62959827;62959812	1.86426457391905	321.517480153559	0.202182993497933	2.30850938462102	40.4285709177967	0.248609850350004
3;113497683;113499879;ATP6V1A;113499896;+;62990437;62990438	0.100000535823835	111.503183133741	0.141587380652585	2.12771694531668	19.4259363105518	0.20426451955277
3;122152653;122156016;KPNA1;122152636;-;63186451;63186428	0.103305005761697	589.570314208701	0.010014051270594	50.8179005727902	997.67819106926	0.252658248184149
3;129284873;129285369;PLXND1;129284861;-;63538843;63538828	1.61886469296084	314.251267748924	0.0100000363534754	0.795486232393494	3.20496023213379	0.0355812247066245
3;131181738;131186934;MRPL3;131181720;-;63592966;63592935	0.120364219535356	76.9664074012449	0.010004100875527	2.60230213394016	5.92515328181868	0.46510394432966
3;131188631;131190014;MRPL3;131188618;-;63593500;63593478	0.107834617037075	491.863672897877	0.0100580825745395	5.93041423688019	525.879190517111	0.400548018743417
3;135759805;135768085;PPP2R3A;135768100;+;63698688;63698689	0.413070875133077	139.476348799716	0.0100194375958757	1.14676171837327	2.82600728443771	0.0100000762226558
3;141272783;141274647;RASA2;141274681;+;63838339;63838341	1.23560140650453	27.472227491592	0.0100002365471945	1.60427401705983	7.49853841974226	0.0100000928854574
3;141896448;141900302;GK5;141896419;-;63869560;63869540	1.14032334245328	20.8593494906239	0.0100037539976929	27.4065900990428	98.6380124153459	0.0100001494219616
3;155546181;155547476;SLC33A1;155546167;-;64109984;64109970	1.46901128852106	204.905547951557	0.010000570841716	7.82668365479775	93.8833041330253	0.0470128269947512
3;15614767;15616483;HACL1;15614750;-;60661597;60661570	2.65433731776075	999.654653056122	0.882267230802239	3.90280619587132	74.3828126010523	0.292709992830436
3;170015182;170016769;PRKCI;170016782;+;64321072;64321074	0.104871401667375	61.7326137974485	0.0101506697380529	6.65727058788282	53.5037712464126	0.191608395377138
3;182738044;182740204;MCCC1;182738026;-;64556620;64556607	0.129178663034411	377.057281029808	0.0100157830227434	12.4529494132763	999.996249100999	0.223352743477752
3;183645247;183646534;ABCC5;183645232;-;64598963;64598946	0.10000044168744	89.2924533446704	0.529812115150228	61.2044395841664	997.459509477592	0.226670470731344
3;183855594;183855661;EIF2B5;183855685;+;64612005;64612007	0.454701320705047	184.239723570679	0.0100000059355966	3.07520049944397	202.768276787886	0.0100000879381792
3;183881515;183882040;DVL3;183882054;+;64616912;64616913	0.100000020768131	383.596832039817	0.685225131372817	2.70512172491711	516.78487903354	0.010001155503938
3;183906933;183907021;ABCF3;183907042;+;64628330;64628332	2.74277334699986	732.431720799972	0.242138115182036	0.62989628656587	37.4207530827141	0.0100000062323473
3;184566984;184567705;VPS8;184567723;+;64678572;64678574	0.599773662296712	83.4704598024782	0.0100027549945099	0.836219501295988	2.58676262521326	0.0100000825101939
3;184587317;184588487;VPS8;184588503;+;64679389;64679390	0.770196559582318	56.6580209633244	0.0100035705740962	4.11600468793989	29.100677229506	0.0100000109746658
3;185766668;185769818;ETV5;185766650;-;64731866;64731852	0.235781267636312	323.278948063123	0.0100005810041829	1.67766996190691	85.9410544215829	0.0137233272707885
3;186505054;186505267;EIF4A2;186505283;+;64759773;64759776	2.00358408234583	73.8662584027535	0.0100000111594341	4.70331451663061	51.4807808888826	0.0124117074438155
3;196792336;196792578;DLG1;196792320;-;65149580;65149562	1.52289365238034	109.493577617133	0.010001052820258	1.56420633066611	5.32960090149957	0.0392255478131841
3;37893002;37903191;NA;37892984;-;61075485;61075473	0.107576641662912	9.4314339541999	0.010001121022606	998.125992763083	174.536605787575	0.111457118920052
3;38038679;38038959;VILL;38038973;+;61081908;61081909	0.100000102942535	120.399859814826	0.0750932889789013	0.994071624199252	14.5433646971854	0.0100001681889411
3;40353063;40353446;EIF1B;40353460;+;61155623;61155625	0.234535829155639	969.949670776641	0.010000143799425	1.03739656790988	98.2157810428233	0.0100000878122114
3;42835782;42845927;HIGD1A;42835768;-;61237256;61237234	1.27367122435118	116.339967124626	0.0100004945204941	3.5758734432546	14.4372997798623	0.0276431721700434
3;45043101;45046767;EXOSC7;45046782;+;61309051;61309052	0.237920095813419	528.280375009886	0.0100019675127364	5.3629546810861	113.915183814784	0.101673177325954
3;48457879;48459319;PLXNB1;48457861;-;61522264;61522218	0.915393695222338	162.864350262869	0.0100006390458983	0.986113775154741	2.98229622491634	0.0100000674962192
3;48460468;48460652;PLXNB1;48460449;-;61523114;61523098	1.42741744829191	999.856073435169	0.935887873721972	14.2906291701595	999.576686751708	0.234099617157289
3;49138126;49138787;QARS;49138108;-;61642932;61642901	0.15911418439627	888.597759360292	0.0100186928870703	3.42963477425336	999.624067057753	0.519254277075136
3;50380022;50380348;ZMYND10;50380001;-;61825053;61825046	0.767974903056181	173.655467739462	0.0100005381705221	1.12036880770774	1.66477473660867	0.108906423570286
3;52283339;52283671;PPM1M;52283685;+;61929224;61929226	0.60651130538952	109.655277359425	0.0100011020416754	1.58991670885748	3.98333504047916	0.0139488165483239
3;56649301;56649931;CCDC66;56649949;+;62093952;62093953	1.7289660624528	20.2519944995916	0.0100004445733037	1.52292540870936	1.45225405165126	0.010000165796159
3;69987201;69988223;MITF;69988248;+;62384141;62384142	0.325420647801921	997.72299791703	0.0100011570395922	14.7960617728294	997.514496476718	0.376244380788276
3;9960294;9962150;IL17RC;9962174;+;60403565;60403566	0.21911182502736	160.967505410899	0.0100000819653431	1.81489492656991	5.08917676165528	0.0357666531759981
4;103720678;103722610;UBE2D3;103720658;-;67378738;67378703	0.100000027068646	1.76254688247057	0.444849372700765	0.331630600653023	0.582207154832407	0.0100001038316152
4;144466737;144467062;SMARCA5;144467077;+;67945514;67945516	0.175189511715921	310.054136817766	0.0100023610096201	0.692355235792594	37.8336937039001	0.0100009174913948
4;152100569;152108574;SH3D19;152100550;-;68071949;68071916	0.34325602408724	103.097378003628	0.0100003020683967	4.15022587328553	8.33279163089039	0.105081311042583
4;2877838;2883603;ADD1;2883624;+;65518505;65518506	0.425263535036951	999.622411081964	0.561308535396088	0.393322588198383	34.6422263120218	0.0100001264962183
4;3142384;3144471;HTT;3144492;+;65546533;65546534	0.786305067333115	99.657132442511	0.0771650855610449	12.7744860239752	88.3209735187375	0.320292159024598
4;38907483;38910197;FAM114A1;38910212;+;66165367;66165368	1.79544880825662	258.541815122623	0.0165206950535762	5.8999615954004	151.413987027415	0.0100005770322818
4;39868636;39871013;PDS5A;39868618;-;66236155;66236135	0.464359269277329	219.756963864978	0.0100039539165666	1.23147844263213	22.3811856309228	0.0970457411041177
4;56874549;56875878;CEP135;56875900;+;66556876;66556877	0.209690185163673	36.1330362102741	0.0100028280769379	3.60242001559333	3.75942277912123	0.0100000033623972
4;57219780;57220204;AASDH;57219763;-;66566804;66566794	0.373746763707376	54.6921077810917	0.0100053855150749	40.9830318421768	501.121908492518	0.0100000132666429
4;83277859;83277948;HNRNPD;83277837;-;66993762;66993730	0.345068902304007	299.822148969105	0.0100007207207495	2.7472930060265	203.618820867784	0.410989098904337
4;84378112;84379477;MRPS18C;84379498;+;67052440;67052441	0.680200611844481	155.469295695418	0.010000158326769	1.18875804016817	6.09693108164606	0.0100000092794282
4;844890;845537;GAK;844873;-;65305596;65305547	0.947890150153968	448.812963227282	0.0408131520713731	1.50735489448634	135.506191066877	0.0100000142475503
4;995352;995433;IDUA;995466;+;65332263;65332266	1.5923043358933	76.6285747238523	0.0493629357171184	1.4765743319932	6.24032658448093	0.0100000998369898
5;10263427;10264749;CCT5;10264767;+;68983180;68983182	1.71858149772555	310.589879958966	0.0100001429764337	1.66976982768305	43.5572820416465	0.0100003140898838
5;1079630;1081691;SLC12A7;1079612;-;68802834;68802815	1.26387110353179	490.010429668647	0.81830940669239	1.29723887765303	28.6533099400132	0.144585766703692
5;109181708;109183328;MAN2A1;109183357;+;70718842;70718843	0.32825382604049	324.055524803539	0.0100009373068415	0.208437370357964	3.43335356099013	0.0100001393911435
5;132159234;132159314;SHROOM1;132159215;-;71101346;71101332	2.11053829285986	177.580764372391	0.0100005568668176	2.9642975704237	14.1820614642051	0.0435326684355577
5;132439719;132439902;HSPA4;132439924;+;71127843;71127845	0.793909657472999	622.381495689169	0.0100002521515634	2.03595236392736	59.1627000910265	0.0250337804842066
5;1330547;1331913;CLPTM1L;1330499;-;68827761;68827736	1.81517219829348	644.561539363661	0.0100001187714678	2.50281963156187	99.4059435576345	0.0100000001759159
5;138724291;138725368;MZB1,MGC29506;138724275;-;71419332;71419295	0.647835545627678	145.811641495064	0.0100001691006122	0.251603857970375	1.70001691230092	0.0100000077707168
5;139921867;139928473;ANKHD1|ANKHD1-EIF4EBP3;139928490;+;71493813;71493814	0.203498516959493	149.088379460923	0.0100280475235997	1.90830035613454	30.6872002044752	0.0776473803269243
5;145522669;145522974;LARS;145522648;-;71683455;71683427	0.520414934022342	423.154753567073	0.010000946429084	4.33847043383	355.749776312783	0.0100001368604539
5;145883103;145883371;TCERG1;145883386;+;71700008;71700009	0.202982955082565	252.068333548826	0.010001635035602	0.688824158285519	10.2912259631578	0.0100000710684091
5;148386656;148388413;SH3TC2;148386641;-;71746148;71746143	0.419088751133637	26.8451373634218	0.0100003504642705	473.040911346059	997.079932695514	0.273857808223001
5;149379898;149380036;TIGD6;149379880;-;71797519;71797516	0.106074667914657	3.67545564823724	0.0100163487607805	370.043688121818	152.204928275262	0.0100000108980869
5;150411956;150413168;TNIP1;150411945;-;71897270;71897244	4.48966331426215	375.376093571131	0.0100001104772011	2.78133836305789	20.0034430319894	0.0100000065135045
5;156915522;156916109;ADAM19;156915498;-;72062554;72062540	0.262563322464615	155.523352440459	0.0100073421703224	6.50068952537948	504.554357049646	0.0100001242893702
5;159849411;159849702;PTTG1;159849715;+;72129434;72129435	0.112872576455351	1.26200993673282	0.0100009042087493	0.927782078551635	0.685579204137921	0.0100000074220888
5;175815975;175816311;HIGD2A;175816331;+;72428675;72428676	0.220352808532421	297.147990915317	0.0100006800644925	1.53771688922372	19.0661534328052	0.0406934480483296
5;176916843;176917870;PDLIM7;176916834;-;72539342;72539325	2.63463571585619	439.739230853218	0.0100002151979522	1.34502167377921	18.3233246073738	0.0600715971400283
5;177576860;177577888;NHP2;177576840;-;72590538;72590518	0.459420465800963	122.870528418622	0.0100007819773025	3.52302320785251	20.829149362647	0.10121339083495
5;177578013;177580491;NHP2;177577995;-;72590894;72590885	0.100000002469143	0.11512433872575	0.519111818750399	996.956232169967	0.10000004246638	0.0100000000631233
5;177684584;177686721;COL23A1;177684569;-;72605591;72605582	10.23374714922	893.93109484847	0.0100000271235493	341.191571532614	997.306987136918	0.269178337305639
5;31541119;31541368;C5orf22;31541387;+;69227529;69227531	5.77902608397669	999.781712677329	0.863696604241209	5.25050374283647	106.100869500285	0.335834898098091
5;44813385;44814996;MRPS30;44815014;+;69550169;69550170	0.908148775111657	331.727649410966	0.0100007517534103	3.09477766012933	71.4011112551545	0.13285364667897
5;458141;459458;EXOC3;459473;+;68697164;68697165	0.359908905313361	378.024420024409	0.706043794591801	4.58604744530744	871.109620037934	0.0100000502600554
5;54922502;54923718;SLC38A9;54922488;-;69711372;69711350	0.229481807002856	60.213021865874	0.0100007547215891	2.0384849528866	20.3554852975268	0.0316537672586325
5;65372778;65374233;ERBB2IP;65374250;+;69911958;69911959	0.267112115228123	165.965050898264	0.0100004621687715	12.6230384843335	999.890227434201	0.303279748570847
5;70942105;70944896;MCCC2;70944923;+;70054057;70054059	0.308734333327032	695.47114097086	0.0100003483827516	0.280734152221963	39.0453586549797	0.0100012405123045
5;71524211;71528269;MRPS27;71524196;-;70074881;70074869	0.408321759564369	170.851312073916	0.0100054439631756	7.94163344902265	114.096998760492	0.291872631162882
5;72849331;72850146;ANKRA2;72849312;-;70106303;70106293	0.487733525436836	270.275820719701	0.0100594912668268	2.75419234801399	87.5488726791405	0.200585407104595
5;76989193;77004066;TBCA;76989178;-;70201877;70201826	1.0228365651103	701.30049993095	0.0100002981720083	3.08545743267864	370.801626440092	0.226893795613305
5;79755314;79768567;ZFYVE16;79768579;+;70289728;70289729	5.68695444179196	999.426430065502	0.857671775148261	12.3756752403774	999.987173115138	0.239449023000112
6;10709310;10709450;PAK1IP1;10709470;+;73111043;73111044	1.04295454275639	395.525361656849	0.0100003421684611	18.7868390949985	999.548347752972	0.130085431999739
6;109767079;109767338;MICAL1;109767066;-;75806228;75806211	1.8317809632151	182.868308876652	0.0100000701233457	2.25879125724109	8.27984341015203	0.0197111449234167
6;110085186;110086201;FIG4;110086215;+;75817316;75817317	0.16077936287316	91.8097838170285	0.0100073910036332	5.41493434045859	28.0778120082807	0.26943630887231
6;133097583;133100406;SLC18B1;133097569;-;76212637;76212625	0.1510383186742	151.980159116414	0.0100010339170608	3.83473758121808	349.309939103895	0.010002085015919
6;138725735;138726261;HEBP2;138726281;+;76329742;76329743	0.429708055968181	873.36023881206	0.010000227288169	3.74983036631587	208.866761388548	0.0821835713971227
6;168418721;168430155;KIF25;168430171;+;77049280;77049281	1.10858896648768	275.879185028782	0.0100044692558494	952.174290133408	989.522003030975	0.010000022278972
6;170863552;170865952;TBP;170865969;+;77149996;77149998	0.100002155494377	39.6037561356546	0.038396573016742	11.4419101483234	448.226540844257	0.0100000031116008
6;30884737;30884871;VARS2,GTF2H4;30884881;+;73805219;73805220	0.32562924722529	151.758301756713	0.0100013531797897	1.03937580758978	6.87946317841287	0.0100003119282161
6;31655903;31656025;ABHD16A;31655881;-;73931787;73931741	0.100001533360723	345.653919453339	0.5605310274293	0.689576020555553	45.4402900641054	0.0100000422788871
6;31851759;31852168;EHMT2;31851728;-;73995154;73995133	0.100121883520644	846.751717681497	0.243382922900809	6.69894136679029	999.998207219007	0.633130961503721
6;32095540;32095893;ATF6B;32095528;-;74057507;74057480	0.265964574444435	386.72336385225	0.0100018099038818	5.93320493801272	95.9632880563735	0.133514738240365
6;34256733;34261227;NUDT3;34256709;-;74281914;74281876	0.236151139900287	369.793396310279	0.0100022487541192	1.68799117475853	51.7778517085236	0.0297180645474197
6;348842;350802;DUSP22;350821;+;72819363;72819364	0.400180197926413	107.141815118837	0.0100020860353274	6.32815632846804	50.839850544424	0.217388453022212
6;35255623;35258029;ZNF76;35258042;+;74347751;74347752	2.07949404152572	94.3019933826769	0.0100006068045599	0.959535346363777	3.6211484941804	0.0100000127382848
6;41040824;41046743;NFYA;41046767;+;74591670;74591671	0.187224096378318	67.8619368947522	0.0100000406585354	6.51250340041304	11.8953110431061	0.133718702074656
6;41757075;41757246;PRICKLE4|TOMM6;41757268;+;74630041;74630043	1.22383104992449	520.160923427225	0.0100014982741354	3.19327962680879	80.8460110936181	0.0520131975866019
6;42176133;42176595;MRPS10;42176111;-;74665466;74665453	0.733593975055645	65.6672545754655	0.0100015109513429	1.6145679884654	12.232320011796	0.0100000935996367
6;43041704;43042344;KLC4;43042359;+;74745801;74745802	0.180328212120977	470.790378056999	0.0100066532407023	3.95908264720309	201.789192723226	0.166713316243691
6;49416665;49419178;MUT;49416641;-;74942104;74942090	0.155383306112498	159.123441141569	0.0100014880874112	0.474861981811008	9.34680621277544	0.0100025697337007
6;53381039;53385575;GCLC;53381021;-;75013086;75013075	0.344311653811568	261.764017490617	0.0100011691590078	0.669339205445659	3.02255674692705	0.0149457844435689
6;7393537;7395239;RIOK1;7395285;+;73036058;73036062	0.555683939090916	118.295622201178	0.0642586893170241	1.27362588507289	20.014562381038	0.291930617627563
6;91269954;91271340;MAP3K7;91269934;-;75561588;75561564	6.05371870099555	57.7586703777175	0.010000043794204	3.07074347768391	3.38670912561638	0.0100000058993573
7;107207632;107211572;DUS4L;107211589;+;80698945;80698948	0.966721264029723	37.4266544539993	0.0100000308583769	1.79719212696096	6.6308089597581	0.286721829724229
7;135315219;135320311;NUP205;135320328;+;81338191;81338193	0.746540611247756	244.605061299658	0.0100016269363015	1.44680118461529	33.4664288307212	0.010000094928748
7;148451243;148454059;CUL1;148454074;+;81695557;81695558	1.05035492464559	300.279895590441	0.469815543574061	0.676456457372364	14.6918371179168	0.0100001286168335
7;148989400;148990445;ZNF783;148990467;+;81737743;81737744	0.382484226535854	25.2578050090046	0.0100166540338206	226.192333584987	996.919443641193	0.0642982117841534
7;150747344;150747543;ASIC3;150747567;+;81832078;81832080	0.298709909337898	35.0494283657885	0.0100009175169125	2.1862746476925	5.01494780017119	0.0100000007847845
7;150912186;150912689;ABCF2;150912169;-;81860189;81860175	1.99161118818551	267.193770647487	0.0100007076261678	18.7789822714521	443.142877384268	0.0630354270207098
7;20793130;20795032;ABCB5;20795049;+;77834131;77834132	0.41596207698801	133.874857438787	0.0100000624827405	3.29102844549201	91.2710725658477	0.01000043935556
7;2411485;2412281;EIF3B;2412307;+;77343285;77343287	0.10000020233044	999.9015794304	0.482525710062782	1.28728890497609	330.124454585252	0.0100000086594176
7;30811173;30818033;FAM188B;30818047;+;78099172;78099173	1.62229418816336	35.7708470906867	0.0100000135133582	825.604849658397	995.228111000481	0.0810171593939757
7;33055500;33057050;NT5C3A;33055483;-;78154738;78154712	0.100003568878076	142.348677757495	0.223128415411415	136.689918791454	976.256451813928	0.384632753489907
7;43685017;43687133;COA1;43684999;-;78363422;78363395	0.899746015825066	271.923454855398	0.0100013575991112	0.486587107340625	25.5431498717834	0.0100001136139594
7;44012316;44012808;NA;44012291;-;78385972;78385949	0.812675882526371	31.7070316868773	0.0100010263460545	0.728930680187191	4.38127712683587	0.0100001870956701
7;44795899;44796008;ZMIZ2;44796023;+;78469409;78469410	1.19543700596087	278.700075839153	0.0100019830319674	4.3714932111726	77.1723822107269	0.0100000045485608
7;4827408;4827743;AP5Z1;4827784;+;77449009;77449012	0.679419597560348	279.120532205499	0.0100461021211589	12.9498927446484	885.094353702999	0.0100000475435441
7;73791153;73795120;CLIP2;73795135;+;79428094;79428095	0.13564781540581	406.815220734893	0.0100074977532828	0.761021584435582	40.5004708245173	0.0100001233932506
7;74131271;74133179;GTF2I;74133197;+;79464729;79464731	1.33986588702266	172.701693708674	0.0100002184063873	2.0966616411985	7.21255875646947	0.0100002254956558
7;75070414;75070709;POM121C;75070394;-;79540040;79540019	0.100000209719417	331.624562930669	0.616177645746387	19.5167330297539	619.898026500818	0.433984370666674
7;76255021;76255316;POMZP3;76255001;-;79659135;79659121	0.100000000193458	0.134851806606413	0.899010867978016	11.0790128786881	0.381395192253828	0.0100000007154813
7;76943821;76950041;GSAP;76943807;-;79682192;79682168	1.28800192776329	81.3518889016936	0.0100003726042802	1.13960182766584	3.6890289869048	0.0142766614854149
7;94157563;94162500;CASD1;94162516;+;79965156;79965157	0.878539829856227	69.7655058117334	0.0100002175155481	0.783917973848589	2.41313608722424	0.0100004244574983
7;97939917;97941408;BAIAP2L1;97939905;-;80053680;80053669	1.01733896362505	540.447977645928	0.0100004696772763	2.22233418535565	39.9657464134683	0.0100000204784314
7;98579584;98580862;TRRAP;98580886;+;80082707;80082709	2.04493103190092	116.241935208418	0.0100002473893947	6.37363377942802	64.2104362454491	0.127250641278404
7;99752805;99752884;C7orf43;99752788;-;80213462;80213432	3.99718830929831	130.349283979779	0.0100000727047948	3.65006989812309	12.0597306237905	0.0100000006152331
8;109462166;109462629;EMC2;109462656;+;84460064;84460066	1.75146406665745	340.655683181284	0.0100002305630278	2.30131658290597	76.553688090493	0.010000008035059
8;109488193;109488990;EMC2;109489010;+;84461104;84461105	0.599236321053152	575.28137054598	0.305625680188624	5.3996420349046	555.278100707016	0.0100001044912021
8;126051219;126052036;KIAA0196;126051202;-;84722680;84722656	1.24983978356203	288.078879635878	0.0100055975220211	4.5087957616928	46.0441911617167	0.0232773876466223
8;144100004;144102286;LY6E;144102333;+;85147685;85147690	2.88515301960616	16.6096473905386	0.0138371860162386	32.5481878229915	43.3215414632996	0.0100000113888145
8;145313818;145314126;MROH1;145314142;+;85415059;85415060	2.33881887998955	51.8694901712095	0.0100000303540316	3.57599653761439	11.0918602415305	0.0332687368482148
8;145624053;145624168;CPSF1;145624029;-;85454733;85454702	1.34222097092906	423.429648250234	0.16024518627519	2.45021482831669	129.06466717909	0.16876399990673
8;17915154;17916343;ASAH1;17915133;-;82567671;82567657	0.369488360718028	999.988257486816	0.0100003893775022	0.917655210261084	669.825406311533	0.010000113547217
8;21959363;21959655;FAM160B2;21959685;+;82660078;82660080	2.75481357442916	112.635015527804	0.101172303010041	2.72324582591032	24.4633579394349	0.0905095663755375
8;23152378;23153452;R3HCC1;23153479;+;82762409;82762410	0.41862501726907	315.544830818921	0.0100026508527745	2.0499321607	116.937507736548	0.0100001214704377
8;41472568;41476185;AGPAT6;41476202;+;83225380;83225382	0.100000329767154	260.697381216315	0.606914344486395	7.40256297495546	999.999984595422	0.74384907892948
8;48707076;48710797;PRKDC;48707063;-;83415961;83415932	0.423756191976146	956.461342539586	0.010001397713682	2.93051718683487	98.9531286362911	0.264989218861044
8;61741366;61742868;CHD7;61742880;+;83617182;83617183	0.285608079534391	98.5654406513403	0.0100009081462281	1.61171361336424	7.24740424704856	0.0100000178811141
8;66557020;66582085;MTFR1;66582107;+;83678402;83678403	0.574183357768863	188.164196285775	0.0100012405674696	2.5375883308715	22.9952376727613	0.371063424737519
8;67364341;67366274;ADHFE1;67366293;+;83699240;83699243	21.9829008758466	999.785032613252	0.972428146854405	1.11842023686721	14.0076156594863	0.36391018048289
8;74621413;74650518;STAU2;74621398;-;83840510;83840482	1.03060011694542	6.94229458411284	0.0100020815774821	3.8823425590096	1.22585683683784	0.0450171033008101
8;98817693;98827531;LAPTM4B;98827555;+;84201529;84201531	2.7986310392816	354.105748407908	0.247864569475521	0.864129014723613	8.341796055639	0.280537558262887
8;99120997;99129259;HRSP12;99120980;-;84217531;84217511	1.66080771513586	388.124075388024	0.0100000933389695	1.63367581972987	8.5877850978514	0.056131605373843
9;103004962;103008886;INVS;103008897;+;87438812;87438813	0.730321028305402	20.5852213814868	0.010002629129564	505.627642215869	437.670692226222	0.762598030158942
9;114326555;114332370;PTGR1;114326543;-;87638048;87638034	1.42755611944653	120.903401204816	0.0100000109136302	2.5141022311173	9.81428551157001	0.0732191094373741
9;115934003;115935732;FKBP15;115933987;-;87707376;87707364	0.196754986892733	135.320319737922	0.0100011357948185	13.7087393795738	366.070094988657	0.0312505434593542
9;116357261;116357860;RGS3;116357878;+;87734484;87734485	0.522332879201903	254.485616813674	0.0100062685310974	19.1120751843971	999.996745653175	0.305245684760269
9;125759641;125760854;RABGAP1;125760875;+;87968823;87968824	1.17417112049006	227.566393296203	0.430430670655845	2.61374698531599	16.7887290493261	0.0100000144343795
9;128432207;128434594;MAPKAP1;128432187;-;88103616;88103591	0.645651353844882	270.865457429824	0.0279014784266918	1.77140386227697	197.127665955027	0.0628186366232782
9;129154475;129157833;MVB12B;129157853;+;88120403;88120404	0.100000698536662	101.65772504533	0.23502271310262	3.10635349531787	33.7183299714509	0.453482240205854
9;131023566;131023732;GOLGA2;131023539;-;88287396;88287372	0.118614589099756	256.826272665363	0.0100527238838955	1.20921144227712	89.3963176378334	0.0100000659390521
9;131398064;131398559;WDR34;131398047;-;88351973;88351944	0.41534779248261	622.342638465238	0.0100008300388209	1.41216269041468	26.0285403879014	0.0100001486525989
9;134514213;134518625;RAPGEF1;134514179;-;88648334;88648315	0.100000035131722	999.774880288458	0.380458838626932	3.25771981045929	592.408963684985	0.010000030538324
9;136037933;136039140;RALGDS|GBGT1;136037920;-;88739703;88739685	0.730082521860597	52.4756909621024	0.437001462510808	6.33315961417887	8.08708092995777	0.307844693639636
9;140069968;140070159;ANAPC2;140069925;-;89162447;89162419	0.803430239211282	206.844209647756	0.0100008949573506	17.9044388210413	999.593699912177	0.192663715345723
9;26884901;26886101;CAAP1;26884884;-;85974089;85974068	0.499777257037657	113.518915616284	0.0100028347367496	39.5628167633233	998.105122257332	0.0158008720152984
9;35608507;35608842;TESK1;35608858;+;86225525;86225527	0.969733991787221	332.194899574296	0.0100012818166621	1.28713202870548	7.92672640102983	0.0100000579836955
9;35801152;35801630;NPR2;35801639;+;86273642;86273643	1.76415039606373	37.8654102113291	0.010000551179251	1.75891382810543	1.90074285043238	0.198749821486186
9;35813154;35813262;HINT2;35813143;-;86275190;86275185	5.86343657977932	166.537753663254	0.0100000081357535	2.1720905769908	3.69707200761245	0.0100000106176076
9;36351217;36352738;RNF38;36351197;-;86308888;86308873	0.26532062132717	151.122768444323	0.0100037930387543	1.41786407272303	11.4047182290724	0.0100002268996216
9;37425992;37426519;GRHPR;37426534;+;86351272;86351273	0.168203270566791	999.976601537071	0.0100002441035708	2.15417993231273	140.450349072577	0.0367694611755349
9;37501842;37503015;POLR1E;37503039;+;86358274;86358275	1.01098373928007	146.596200590593	0.0100012129348931	0.612321660190645	4.53321467458496	0.0100000584920332
9;5765799;5768946;KIAA1432;5768969;+;85686102;85686103	19.0015656612017	999.52839258695	0.943875480261841	0.601029909134206	7.45616486010906	0.0100001068216387
9;74978548;74979611;ZFAND5;74978523;-;86750092;86750066	0.691995981597629	173.19958407969	0.0100003932238996	1.03183465259371	4.97044962690882	0.0337495882454582
9;86593214;86593287;HNRNPK;86593195;-;86929137;86929094	1.48105309387531	206.760154126568	0.0100948997073599	1.06209957281906	18.8993404254866	0.0100000079794813
9;90582560;90584108;CDK20;90582547;-;87016077;87016068	0.100000852121223	0.500492913827272	0.19264458992652	997.006529013891	25.3411704275113	0.027456272123224
9;90585561;90585690;CDK20;90585546;-;87016495;87016492	4.00736267667201	11.5511346210764	0.0100000932567018	3.98943819472755	0.706705229944805	0.0100000073134531
9;95007368;95009658;IARS;95007354;-;87135025;87134999	0.2882259166719	581.499414612294	0.0100043852621515	1.28939995793572	81.4396106507538	0.010000036836617
X;128605323;128614677;SMARCA1;128605304;-;92599772;92599750	0.100000522137661	132.456994510382	0.898000645919196	5.2293273538537	181.422612178008	0.232379584983569
X;129059172;129059873;UTP14A;129059894;+;92618083;92618084	0.739394743136835	136.333888588112	0.0100004248341634	14.2805954802528	596.112943867354	0.0100000073340053
X;153042836;153042961;PLXNB3|SRPK3;153042982;+;93004708;93004710	1.19042712032386	331.098706815936	0.0100001243474175	3.56073413411121	146.578562850943	0.0100000111362433
X;153229751;153230028;HCFC1;153229736;-;93044889;93044870	0.650490454614898	207.486999875178	0.0100003576340429	3.57354950469459	75.1480571840173	0.0100000269133835
X;153699661;153699819;PLXNA3;153699830;+;93148976;93148977	2.87941635908312	149.724146341186	0.0100003692004035	68.4907194053844	369.380295857098	0.0100000095909257
X;47065513;47065623;UBA1;47065646;+;91301497;91301498	0.279568117355784	999.998439177941	0.0100000064675087	0.74937072540309	37.0774570159234	0.0100000120470645
X;47315814;47326808;ZNF41;47315798;-;91322358;91322307	2.14076410420161	13.2758019903461	0.030003494599363	925.013783162601	820.552106146328	0.0100000117280577
X;48340104;48340769;FTSJ1;48340796;+;91364589;91364591	1.08343185776949	172.198107750769	0.0221450749785079	1.81228269338205	28.3594337036853	0.057252577428346
X;48751115;48751182;TIMM17B;48751101;-;91406034;91406029	2.1202556380166	669.332109170279	0.0100002742053078	1.87437107419611	35.3273068788633	0.0345376018955554
X;49036186;49040186;PRICKLE3;49036156;-;91449698;91449689	0.613968658946884	104.187088987407	0.0100001245574608	3.04622188102751	19.4308896517092	0.0374585263998681
X;70504304;70510460;NONO;70510478;+;91844323;91844324	0.195202388710494	210.55930321533	0.0100006906532222	0.745920388674021	12.9081944278222	0.0100000124189101
X;70516898;70517210;NONO;70517226;+;91847841;91847842	0.279981951592133	135.192642918756	0.0100009650397406	4.09691910501267	30.2521936491091	0.0880259311021354
X;9711733;9714083;GPR143;9711714;-;90558959;90558951	0.10000016306616	84.2672926271479	0.974400247884945	1.78432133170218	100.027772484396	0.010000002602905
