10;103360620;103360926;DPCD;103360959;+	11764067	11764069
10;105197829;105198426;PDCD11;105198442;+	11928016	11928017
10;112647645;112649266;PDCD4;112649290;+	12045259	12045260
10;126660688;126662195;ZRANB1;126662213;+	12419258	12419259
10;127685194;127685974;FANK1;127685988;+	12450830	12450831
10;5497082;5498027;NET1;5498049;+	9053335	9053337
10;5978551;5979047;FBXO18;5979072;+	9092396	9092397
10;70955022;70956733;SUPV3L1;70956747;+	10611566	10611568
10;7841158;7841707;ATP5C1;7841734;+	9156448	9156451
10;82264535;82266954;TSPAN14;82266983;+	11134681	11134682
10;99214557;99215395;ZDHHC16;99215416;+	11592826	11592827
10;103771555;103772589;C10orf76;103771541;-	11797321	11797313
10;104183485;104183554;CUEDC2;104183475;-	11848155	11848129
10;120928061;120928688;PRDX3;120928046;-	12238279	12238261
10;123733616;123734388;NSMCE4A;123733597;-	12314744	12314714
10;124754268;124755509;IKZF5;124754240;-	12350990	12350976
10;135116503;135122326;TUBGCP2;135116485;-	12671035	12671017
10;50952187;50952695;OGDHL;50952169;-	10284563	10284549
10;70263469;70266341;SLC25A16;70263453;-	10551429	10551416
10;75231388;75234676;PPP3CB;75231372;-	10831401	10831378
10;75280801;75283340;USP54;75280786;-	10837919	10837904
10;75566590;75566865;NDST2;75566570;-	10873454	10873442
10;97141573;97143741;SORBS1;97141557;-	11489183	11489173
10;99683182;99695926;CRTAC1;99683158;-	11623753	11623747
11;114316810;114318499;REXO2;114318547;+	16851750	16851756
11;117117665;117150596;RNF214;117150623;+	16944010	16944011
11;118940055;118940139;VPS11;118940151;+	17086220	17086221
11;124495800;124496355;TBRG1;124496368;+	17270128	17270129
11;125442466;125445146;EI24;125445158;+	17306443	17306445
11;126142975;126143210;FOXRED1;126143230;+	17339374	17339376
11;18424561;18425221;LDHA;18425240;+	13676998	13677000
11;208939;209258;RIC8A;209270;+	12712952	12712953
11;33080642;33083060;TCP11L1;33083075;+	13858229	13858230
11;34137432;34139710;NAT10;34139726;+	13910827	13910828
11;34161043;34161927;NAT10;34161946;+	13913116	13913119
11;4104213;4104471;STIM1;4104492;+	13201402	13201403
11;62555000;62556481;TMEM179B;62556494;+	14953589	14953590
11;62648920;62649352;SLC3A2;62649364;+	14976057	14976058
11;62653081;62655584;SLC3A2;62655606;+	14978099	14978100
11;63965447;63967396;STIP1;63967411;+	15066556	15066557
11;64002366;64002911;VEGFB;64002929;+	15081148	15081149
11;6415272;6415407;SMPD1;6415427;+	13262746	13262749
11;64877396;64877934;VPS51;64877953;+	15203845	15203846
11;65388438;65389694;PCNXL3;65389715;+	15369139	15369140
11;66406224;66407148;RBM4;66407170;+	15530502	15530503
11;67376194;67376896;NDUFV1;67376922;+	15671591	15671592
11;68331901;68334466;PPP6R3;68334481;+	15750551	15750552
11;68838889;68839375;TPCN2;68839390;+	15782420	15782421
11;706289;706673;EPS8L2;706676;+	12843326	12843327
11;71174532;71175078;NADSYN1;71175098;+	15872875	15872876
11;8704813;8705536;RPL27A;8705552;+	13344663	13344665
11;8705629;8706243;RPL27A;8706264;+	13345129	13345130
11;93535139;93540666;MED17;93540683;+	16466047	16466050
11;10821322;10821636;NA;10821304;-	13463751	13463702
11;118895810;118895900;SLC37A4;118895787;-	17074321	17074299
11;122929211;122929339;HSPA8;122929193;-	17233778	17233711
11;122932055;122932771;HSPA8;122932038;-	17240141	17240084
11;3697620;3697738;NUP98;3697607;-	13173451	13173439
11;46515773;46529740;AMBRA1;46515755;-	14145724	14145696
11;47744894;47745579;FNBP4;47744869;-	14299033	14299002
11;61077452;61077766;DDB1;61077433;-	14686488	14686468
11;62376299;62376433;EML3;62376278;-	14908972	14908951
11;62394619;62394760;GANAB;62394597;-	14917479	14917458
11;62444133;62444284;UBXN1;62444112;-	14929019	14928998
11;6425068;6431856;APBB1;6425053;-	13266056	13266028
11;6470700;6471780;TRIM3;6470677;-	13270422	13270412
11;64900741;64900940;SYVN1;64900724;-	15218467	15218442
11;65635912;65635980;EFEMP2;65635893;-	15414761	15414739
11;6623495;6624633;RRP8;6623446;-	13285492	13285469
11;72404529;72404736;ARAP1;72404516;-	15956582	15956556
11;77333735;77336007;CLNS1A;77333719;-	16203892	16203878
11;94192765;94194101;MRE11A;94192748;-	16477352	16477331
11;95513113;95516228;FAM76B;95513091;-	16511195	16511177
12;109536444;109536977;UNG;109536993;+	21093260	21093263
12;110437590;110449795;ANKRD13A;110449809;+	21147617	21147618
12;112451414;112457543;ERP29;112457559;+	21298240	21298242
12;113346630;113348840;OAS1;113348855;+	21351972	21351973
12;123340160;123340362;HIP1R;123340377;+	21867076	21867077
12;22824290;22826416;ETNK1;22826433;+	18424823	18424824
12;2986449;2994428;RHNO1;2994448;+	17689002	17689003
12;3390984;3392189;TSPAN9;3392210;+	17710842	17710843
12;51174022;51189680;ATF1;51189691;+	19338435	19338436
12;51442262;51442795;LETMD1;51442816;+	19354887	19354888
12;51450286;51451788;LETMD1;51451814;+	19357185	19357188
12;53421973;53427574;EIF4B;53427589;+	19571145	19571146
12;53700105;53700443;C12orf10;53700463;+	19618154	19618155
12;56361954;56362539;CDK2;56362561;+	19789967	19789968
12;56503078;56503622;PA2G4;56503640;+	19811637	19811639
12;56528213;56530506;ESYT1;56530527;+	19819446	19819447
12;58109977;58110164;OS9;58110194;+	20055175	20055177
12;64178853;64195829;TMEM5;64195870;+	20147560	20147561
12;64199185;64202434;TMEM5;64202454;+	20148473	20148474
12;72312329;72314492;TBC1D15;72314510;+	20381884	20381886
12;72315235;72316743;TBC1D15;72316762;+	20382121	20382124
12;101789467;101790176;ARL1;101789449;-	20850757	20850742
12;108138460;108140051;PRDM4;108138439;-	21039233	21039212
12;108917427;108918092;SART3;108917412;-	21052768	21052757
12;111947439;111947694;ATXN2;111947424;-	21255109	21255099
12;116413155;116413319;MED13L;116413119;-	21440884	21440855
12;122701153;122701305;DIABLO;122701132;-	21810386	21810371
12;21627930;21628401;RECQL;21627914;-	18395272	18395246
12;27156339;27167010;TM7SF3;27156324;-	18508431	18508407
12;49959463;49959859;MCRS1;49959451;-	19221615	19221589
12;54059237;54062931;ATP5G2;54059213;-	19660380	19660321
12;54063774;54066359;ATP5G2;54063733;-	19662211	19662158
12;56349663;56349886;PMEL;56349648;-	19786305	19786289
12;56355543;56359719;PMEL;56355517;-	19788891	19788861
12;57911243;57911488;DDIT3;57911222;-	20026278	20026257
12;58145536;58145957;CDK4;58145520;-	20067215	20067166
12;58163207;58163347;METTL1;58163188;-	20069371	20069353
13;103297360;103298629;TPP2;103298643;+	23939888	23939889
13;113864403;113873243;CUL4A;113873258;+	24167799	24167800
13;113915074;113917776;CUL4A;113917800;+	24174960	24174962
13;115030716;115037645;CDC16;115037658;+	24279657	24279658
13;20656271;20656905;ZMYM2;20656920;+	22649512	22649514
13;25889606;25893446;NUPL1;25893463;+	22783945	22783946
13;26970492;26971275;CDK8;26971289;+	22800675	22800676
13;28196147;28196977;POLR1D;28197011;+	22829778	22829783
13;45841512;45857556;GTF2F2;45857576;+	23215858	23215859
13;48615253;48619779;NUDT15;48619795;+	23296334	23296335
13;103422451;103426031;TEX30;103422437;-	23944381	23944352
13;20315804;20325410;PSPC1;20315790;-	22626891	22626875
13;45911539;45912794;TPT1;45911524;-	23223807	23223675
13;45912933;45913631;TPT1;45912912;-	23224878	23224833
13;48654127;48655780;MED4;48654112;-	23299263	23299243
13;78474814;78475192;EDNRB;78474790;-	23651514	23651507
13;99127257;99127503;STK24;99127233;-	23850818	23850806
14;102874957;102880958;TECPR2;102880972;+	26717290	26717291
14;105176526;105177255;INF2;105177273;+	26888141	26888142
14;21556258;21556973;ARHGEF40;21556988;+	24377886	24377887
14;21957563;21960440;TOX4;21960454;+	24418774	24418775
14;23237381;23238985;OXA1L;23238999;+	24457779	24457780
14;23313719;23313814;MMP14;23313838;+	24468785	24468786
14;24707612;24707778;GMPR2;24707794;+	24672913	24672914
14;31169465;31171484;SCFD1;31171501;+	24760809	24760810
14;50196267;50199397;KLHDC1;50199421;+	25094174	25094175
14;58686448;58690318;ACTR10;58690339;+	25345954	25345955
14;65390845;65392708;CHURC1|FNTB;65392727;+	25547383	25547385
14;70235000;70235299;SRSF5;70235329;+	25722702	25722708
14;74358912;74360478;ZNF410;74360499;+	25887057	25887058
14;75356053;75356580;DLST;75356599;+	25953222	25953224
14;75474492;75475713;EIF2B2;75475733;+	25962114	25962116
14;77793249;77793790;GSTZ1;77793814;+	26061564	26061566
14;89305917;89307192;TTC8;89307208;+	26198924	26198925
14;103406081;103406166;CDC42BPB;103406065;-	26759230	26759219
14;105677649;105678449;BRF1;105677631;-	26981982	26981962
14;20793832;20794874;CCNB1IP1;20793813;-	24332246	24332234
14;21561464;21561744;ZNF219;21561450;-	24380607	24380571
14;23417243;23419522;HAUS4;23417223;-	24493516	24493494
14;24740221;24740318;RABGGTA;24740205;-	24680087	24680084
14;58758441;58764672;NA;58758426;-	25357011	25356989
14;68241850;68242576;ZFYVE26;68241832;-	25639140	25639129
14;68244486;68244842;ZFYVE26;68244453;-	25639306	25639300
14;75509202;75513078;MLH3;75509181;-	25965013	25964990
14;75581034;75583897;NEK9;75581017;-	25972707	25972697
14;78203439;78205120;SNW1;78203419;-	26089607	26089594
15;25207357;25212162;SNRPN|SNURF;25212175;+	27724066	27724069
15;28926990;28929260;NA;28929274;+	27833157	27833158
15;41762591;41763349;RTF1;41763369;+	28238244	28238245
15;42700523;42701479;CAPN3;42701500;+	28307305	28307306
15;64428610;64429044;SNX1;64429059;+	29037832	29037833
15;74326872;74327483;PML;74327512;+	29473127	29473131
15;75075062;75090552;CSK;75090573;+	29521712	29521713
15;99456512;99459168;IGF1R;99459192;+	30341770	30341771
15;40849590;40854970;C15orf57;40849572;-	28154154	28154138
15;41130904;41136376;NA;41130885;-	28178049	28178027
15;42510051;42510520;TMEM87A;42510032;-	28295613	28295591
15;42738875;42740269;ZNF106;42738857;-	28313938	28313918
15;44862872;44864880;SPG11;44862857;-	28463652	28463624
15;52615660;52620048;MYO5A;52615642;-	28707270	28707261
15;65262578;65266939;SPG21;65262561;-	29113687	29113668
15;66792532;66792630;RPL4;66792515;-	29202396	29202323
15;75131105;75131350;ULK3;75131087;-	29530918	29530894
15;75651511;75651668;MAN2C1;75651495;-	29581922	29581875
15;89870311;89870397;POLG;89870295;-	30063061	30063044
15;90775578;90776900;CIB1;90775560;-	30134262	30134228
15;91549975;91550179;VPS33B;91549960;-	30206537	30206529
16;14966187;14968874;NOMO1;14968892;+	31552882	31552883
16;15129411;15129852;PDXDC1;15129872;+	31580766	31580767
16;2577987;2578051;AMDHD2;2578060;+	30931463	30931464
16;30783295;30783389;RNF40;30783409;+	32492715	32492717
16;30958270;30958352;FBXL19;30958372;+	32514781	32514783
16;313775;313996;ITFG3;314014;+	30502547	30502548
16;48330077;48333556;LONP2;48333572;+	32787734	32787735
16;569025;569732;RAB11FIP3;569753;+	30551266	30551268
16;668261;675419;RAB40C;675431;+	30577859	30577860
16;67262535;67262681;TMEM208;67262699;+	33276780	33276782
16;70499080;70500019;FUK;70500034;+	33593835	33593836
16;708345;708509;WDR90;708524;+	30591187	30591189
16;72139524;72139882;DHX38;72139903;+	33692853	33692854
16;843275;844033;CHTF18;844053;+	30636970	30636972
16;8733020;8734963;METTL22;8734987;+	31296537	31296538
16;88779856;88780038;CTU2;88780054;+	34298016	34298017
16;89778631;89779081;NA;89779096;+	34448156	34448157
16;89960267;89961424;TCF25;89961445;+	34476275	34476276
16;90104257;90106693;GAS8;90106707;+	34512116	34512117
16;1636294;1637198;IFT140;1636277;-	30740346	30740327
16;1828341;1828435;SPSB3;1828323;-	30786600	30786552
16;18799482;18800302;RPS15A;18799465;-	31738648	31738591
16;47347748;47399698;ITFG1;47347735;-	32768359	32768335
16;56548608;56553657;BBS2;56548593;-	32973724	32973702
16;58200606;58201110;CSNK2A2;58200589;-	33107527	33107515
16;67265742;67265941;FHOD1;67265723;-	33278677	33278665
16;67692736;67692830;ACD;67692720;-	33329471	33329444
16;69155088;69155338;CHTF8;69155074;-	33460680	33460652
16;70292148;70292882;AARS;70292121;-	33564889	33564863
16;81116587;81118067;GCSH;81116569;-	33929253	33929238
17;17062317;17064532;MPRIP;17064553;+	35649330	35649331
17;18602589;18602659;TRIM16L;18602672;+	35778764	35778765
17;25621462;25628792;WSB1;25628813;+	36044374	36044376
17;30693777;30694775;ZNF207;30694790;+	36427899	36427901
17;33319712;33321272;LIG3;33321294;+	36483861	36483862
17;34147442;34149625;TAF15;34149643;+	36535388	36535390
17;37359363;37360302;RPL19;37360329;+	36745288	36745290
17;37816527;37816662;STARD3;37816683;+	36791373	36791374
17;38324202;38324433;CASC3;38324455;+	36861293	36861295
17;39974780;39975444;FKBP10;39975461;+	37031851	37031852
17;41584566;41584845;DHX8;41584870;+	37265705	37265706
17;42427709;42427793;GRN;42427809;+	37349735	37349736
17;45755556;45755650;KPNB1;45755673;+	37624979	37624980
17;4796064;4796240;MINK1;4796273;+	35007520	35007522
17;48627674;48627874;SPATA20;48627896;+	37872207	37872208
17;58018305;58022745;RPS6KB1;58022766;+	38190472	38190473
17;61869923;61875381;DDX42;61875397;+	38377964	38377965
17;73486840;73487110;KIAA0195;73487129;+	38878272	38878273
17;73620720;73620837;NA;73620850;+	38909856	38909858
17;73689563;73695838;SAP30BP;73695862;+	38919595	38919596
17;79990705;79990803;RAC3;79990822;+	39611492	39611493
17;80013702;80013861;GPS1;80013876;+	39620494	39620495
17;15586279;15586349;TRIM16;15586266;-	35561559	35561554
17;17925187;17927937;ATPAF2;17925172;-	35724677	35724666
17;2371189;2376817;METTL16;2371171;-	34818003	34817993
17;26969116;26969292;KIAA0100;26969097;-	36140193	36140166
17;27902179;27902305;GIT1;27902161;-	36254275	36254252
17;34854422;34854918;MYO19;34854404;-	36568764	36568752
17;3518869;3524530;SHPK;3518832;-	34873890	34873860
17;42272527;42272786;ATXN7L3;42272509;-	37325270	37325261
17;42272550;42272786;ATXN7L3;42272509;-	37325275	37325261
17;42937436;42937799;EFTUD2;42937414;-	37397666	37397648
17;4849320;4849922;PFN1;4849293;-	35021811	35021763
17;4862968;4863054;SPAG7;4862939;-	35028422	35028402
17;56082979;56083161;SRSF1;56082962;-	38045870	38045845
17;57079103;57089688;TRIM37;57079076;-	38111693	38111654
17;57148330;57153007;TRIM37;57148309;-	38116315	38116292
17;61511982;61512446;CYB561;61511956;-	38337435	38337419
17;61910804;61910946;SMARCD2;61910781;-	38389621	38389602
17;62574713;62576906;SMURF2;62574695;-	38457894	38457876
17;63010963;63014370;GNA13;63010948;-	38488217	38488199
17;7150202;7150382;CTDNEP1;7150182;-	35189027	35189012
17;7222011;7222368;NEURL4;7221994;-	35207172	35207167
17;73038783;73043019;ATP5H;73038755;-	38817675	38817624
17;76109312;76109628;TMC6;76109293;-	39155470	39155428
17;78188583;78188831;SGSH;78188565;-	39324219	39324193
17;79556146;79563141;NPLOC4;79556131;-	39500534	39500502
17;79580543;79589191;NPLOC4;79580521;-	39503065	39503048
17;79804961;79805118;P4HB;79804949;-	39554179	39554125
17;79862840;79862941;PCYT2;79862821;-	39580305	39580289
17;80209419;80210309;CSNK1D;80209404;-	39681694	39681679
18;12420493;12421520;SLMO1;12421538;+	40126246	40126247
18;32823258;32834174;ZNF397;32834195;+	40554985	40554986
18;33724998;33725896;ELP2;33725910;+	40589680	40589682
18;33739794;33739904;ELP2;33739920;+	40590897	40590898
18;21751477;21752339;OSBPL1A;21751463;-	40411364	40411340
18;224201;224923;THOC1;224180;-	39847324	39847304
18;43459193;43460039;EPG5;43459180;-	40685663	40685649
18;43675114;43678137;ATP5A1;43675098;-	40700152	40700107
18;47311743;47313660;ACAA2;47311722;-	40794357	40794343
18;67688070;67691957;RTTN;67688054;-	41108173	41108161
18;683396;685920;ENOSF1;683381;-	39863211	39863184
19;10197977;10200306;C19orf66;10200332;+	42703106	42703107
19;14031736;14034130;CC2D1A;14034145;+	43291956	43291957
19;2247022;2247564;SF3A2;2247592;+	41739069	41739071
19;3573799;3574338;HMG20B;3574380;+	41937441	41937444
19;39964162;39964586;SUPT5H;39964602;+	45165325	45165326
19;40871838;40872304;PLD3;40872325;+	45245588	45245589
19;41084119;41084353;SHKBP1;41084367;+	45273391	45273392
19;41257387;41263214;SNRPA;41263236;+	45302830	45302831
19;42365282;42373068;RPS19;42373100;+	45427076	45427078
19;42866366;42866517;MEGF8;42866535;+	45509349	45509350
19;45572507;45573243;CLASRP;45573279;+	45737528	45737530
19;49403630;49404025;NUCB1;49404042;+	46199043	46199045
19;50149460;50149761;SCAF1;50149782;+	46344693	46344694
19;15491445;15507960;AKAP8L;15491424;-	43457355	43457323
19;39380799;39384053;SIRT2;39380785;-	45083224	45083204
19;39437246;39439206;FBXO17|SARS2;39437208;-	45097232	45097213
19;40746029;40747844;AKT2;40746018;-	45227815	45227792
19;41220059;41220182;ADCK4;41220039;-	45295870	45295852
19;49364772;49364876;PLEKHA4;49364759;-	46188754	46188738
19;5595522;5598803;SAFB2;5595509;-	42228756	42228735
19;5679435;5679596;C19orf70;5679408;-	42241761	42241746
19;5790374;5791054;DUS3L;5790347;-	42261305	42261287
1;100477090;100480840;SLC35A3;100480857;+	4326479	4326480
1;116936346;116937712;ATP1A1;116937731;+	4763412	4763413
1;12008125;12009813;PLOD1;12009829;+	1018074	1018075
1;150318968;150321619;PRPF3;150321632;+	5504524	5504525
1;153751362;153751571;SLC27A3;153751589;+	5837430	5837432
1;154306742;154306958;ATP8B2;154306978;+	5915449	5915450
1;154317262;154317429;ATP8B2;154317446;+	5917367	5917368
1;154950591;154951181;CKS1B;154951200;+	5976169	5976171
1;155282187;155287710;FDPS;155287731;+	6042891	6042893
1;155701207;155701714;DAP3;155701734;+	6109575	6109576
1;161127108;161127388;UFC1;161127406;+	6474490	6474492
1;165619202;165620230;MGST3;165620250;+	6610473	6610474
1;179318078;179319411;SOAT1;179319430;+	6957953	6957954
1;196694428;196695585;CFH;196695599;+	7256719	7256721
1;205240384;205240923;TMCC2;205240940;+	7622631	7622632
1;212515623;212519131;PPP2R5A;212519144;+	7863306	7863307
1;223931921;223932986;CAPN2;223933007;+	8061270	8061271
1;228335401;228336058;GUK1;228336071;+	8284655	8284656
1;229407118;229422214;RAB4A;229422232;+	8344335	8344336
1;2489908;2491241;TNFRSF14;2491261;+	426282	426283
1;32573736;32620169;KPNA6;32620188;+	2276729	2276730
1;36784766;36784849;SH3D21;36784860;+	2551861	2551863
1;44132227;44132609;KDM4A;44132624;+	2948715	2948716
1;46068038;46070588;NASP;46070607;+	3080581	3080582
1;52880320;52880412;PRPF38A;52880433;+	3328396	3328398
1;101458311;101460665;DPH5;101458297;-	4358865	4358843
1;115263359;115266503;CSDE1;115263339;-	4729353	4729285
1;1233509;1233749;ACAP3;1233494;-	203298	203275
1;153925127;153925280;CRTC2;153925112;-	5864372	5864358
1;154192437;154192817;C1orf43;154192414;-	5900733	5900696
1;154924425;154926146;PBXIP1;154924398;-	5965484	5965453
1;155630725;155631097;YY1AP1;155630705;-	6095997	6095958
1;179835005;179846373;TOR1AIP2;179834990;-	6971597	6971549
1;202914324;202915566;ADIPOR1;202914298;-	7495564	7495534
1;205696953;205698699;NUCKS1;205696934;-	7656664	7656635
1;20827930;20828561;MUL1;20827913;-	1467500	1467495
1;224588788;224592131;WDR26;224588772;-	8108738	8108717
1;226043662;226044352;TMEM63A;226043642;-	8165792	8165777
1;26609461;26610632;UBXN11;26609429;-	1865449	1865402
1;28907181;28907622;NA;28907159;-	2096495	2096476
1;29522568;29522709;MECR;29522526;-	2145743	2145717
1;33477744;33478807;AK2;33477724;-	2387378	2387364
1;35917393;35919157;KIAA0319L;35917378;-	2472316	2472307
1;3656967;3659367;NA;3656952;-	565745	565723
1;3697918;3698075;LRRC47;3697901;-	569581	569566
1;40034631;40035266;PABPC4;40034612;-	2720706	2720680
1;43917703;43917875;HYI;43917685;-	2928126	2928095
1;43917718;43917875;HYI;43917685;-	2928140	2928095
1;47108989;47110832;ATPAF1;47108974;-	3159362	3159344
1;67891987;67895670;SERBP1;67891969;-	3740073	3740035
1;78430057;78430330;FUBP1;78430042;-	3904483	3904463
20;17585277;17587659;DSTN;17587681;+	54382782	54382784
20;1903292;1905386;SIRPA;1905409;+	54016236	54016238
20;330008;330259;NRSN2;330281;+	53930098	53930099
20;34145021;34145171;ERGIC3;34145195;+	55080082	55080084
20;37395021;37396088;ACTR5;37396106;+	55314102	55314104
20;37662961;37667121;DHX35;37667141;+	55326228	55326229
20;3845436;3846309;MAVS;3846329;+	54142665	54142666
20;4158225;4162427;SMOX;4162449;+	54169105	54169107
20;47841737;47842951;DDX27;47842966;+	55705363	55705364
20;61867798;61869236;BIRC7;61869254;+	56212692	56212693
20;62701989;62703210;TCEA2;62703222;+	56362910	56362911
20;25478998;25481475;NINL;25478983;-	54598131	54598108
20;33703762;33706400;EDEM2;33703737;-	55039169	55039128
20;35282127;35284762;NDRG3;35282105;-	55188765	55188745
20;36631196;36634598;TTI1;36631179;-	55274182	55274170
20;60712019;60712419;PSMA7;60712006;-	56093973	56093945
20;62577342;62577513;UCKL1;62577329;-	56340001	56339957
21;38570327;38572514;TTC3;38572532;+	57103931	57103932
21;47970658;47971529;DIP2A;47971546;+	57630022	57630024
21;27254102;27264033;APP;27254083;-	56781880	56781836
21;34832829;34837648;TMEM50B;34832813;-	56958244	56958226
21;37416268;37417879;SETD4;37416255;-	57044865	57044847
21;40553828;40555177;PSMG1;40553805;-	57157927	57157891
21;46271558;46275124;PTTG1IP;46271543;-	57445988	57445940
21;47655361;47656742;MCM3AP;47655341;-	57599392	57599378
22;19422418;19423149;MRPL40;19423160;+	57854361	57854362
22;21381247;21381786;P2RX6;21381796;+	58010171	58010173
22;30367052;30374413;MTMR3;30374430;+	58598618	58598619
22;38021084;38021783;GGA1;38021803;+	59052959	59052960
22;39064138;39066874;CBY1;39066888;+	59188480	59188481
22;43547611;43555197;TSPO;43555215;+	59636796	59636797
22;44559811;44564460;PARVB;44564481;+	59682969	59682970
22;50635781;50635865;TRABD;50635877;+	59975596	59975597
22;50832565;50845095;PPP6R2;50845117;+	60040098	60040099
22;50878479;50879234;PPP6R2;50879250;+	60049776	60049777
22;51043872;51043968;MAPK8IP2;51043989;+	60093041	60093042
22;51048739;51049118;MAPK8IP2;51049134;+	60093858	60093859
22;19044700;19050714;DGCR2;19044676;-	57827863	57827824
22;22118552;22123483;MAPK1;22118530;-	58055462	58055447
22;42466389;42466766;NAGA;42466378;-	59529441	59529432
22;50685177;50685303;HDAC10;50685165;-	59993972	59993953
2;105713783;105716106;MRPS9;105716127;+	50556173	50556175
2;114391810;114392604;RABL2A;114392627;+	50774611	50774613
2;11907985;11911477;LPIN1;11911497;+	47792429	47792430
2;172584929;172585212;DYNC1I2;172585226;+	51796417	51796418
2;202339479;202340328;STRADB;202340341;+	52471412	52471413
2;203160561;203162080;NOP58;203162101;+	52501323	52501324
2;217364122;217364648;RPL37A;217364671;+	52833875	52833877
2;220111599;220111817;STK16;220111834;+	53009804	53009805
2;220498180;220498587;SLC4A3;220498601;+	53074113	53074114
2;232196610;232209660;ARMC9;232209686;+	53308474	53308475
2;238434449;238435971;MLPH;238436019;+	53548133	53548136
2;24207702;24222524;UBXN2A;24222541;+	47983836	47983837
2;242274628;242275373;SEPT2;242275389;+	53838589	53838590
2;242403396;242405071;FARP2;242405088;+	53852144	53852145
2;27822546;27822819;ZNF512;27822836;+	48217857	48217859
2;55462099;55462545;RPS27A;55462563;+	48957586	48957588
2;55462099;55462548;RPS27A;55462563;+	48957587	48957588
2;71654545;71655660;ZNF638;71655676;+	49428179	49428180
2;74682302;74682517;INO80B;74682532;+	49563694	49563695
2;85848703;85850728;USP39;85850768;+	49754097	49754099
2;96934397;96934993;CIAO1;96935005;+	50260876	50260877
2;103348886;103353104;MFSD9;103348869;-	50538456	50538439
2;170388019;170393736;FASTKD1;170388001;-	51720654	51720636
2;170669035;170671986;METTL5;170669017;-	51738975	51738950
2;178096759;178097119;NFE2L2;178096737;-	51944463	51944445
2;242438608;242438671;STK25;242438590;-	53857367	53857358
2;26437446;26437921;HADHA;26437431;-	48101869	48101858
2;27590711;27590891;EIF2B4;27590690;-	48190248	48190226
2;27603133;27603338;ZNF513;27603116;-	48195538	48195517
2;27700496;27700861;IFT172;27700480;-	48211827	48211821
2;36780340;36782825;FEZ2;36780323;-	48446824	48446816
2;38973342;38973835;SRSF7;38973322;-	48531875	48531839
2;44145291;44145394;LRPPRC;44145273;-	48675253	48675243
2;61415872;61416044;USP34;61415845;-	49067099	49067059
2;62095857;62096574;CCT4;62095842;-	49113896	49113850
2;65316225;65318116;RAB1A;65316205;-	49219888	49219862
2;68274469;68290089;C1D;68274452;-	49273162	49273098
2;97285514;97297048;KANSL3;97285500;-	50288234	50288201
2;97297258;97302657;KANSL3;97297220;-	50289359	50289327
2;99788124;99790377;MITD1;99788110;-	50411517	50411504
3;101293124;101298615;PCNP;101298633;+	62788030	62788031
3;10157504;10167295;BRK1;10167309;+	60427484	60427485
3;113497683;113499879;ATP6V1A;113499896;+	62990437	62990438
3;135759805;135768085;PPP2R3A;135768100;+	63698688	63698689
3;170015182;170016769;PRKCI;170016782;+	64321072	64321074
3;183855594;183855661;EIF2B5;183855685;+	64612005	64612007
3;183881515;183882040;DVL3;183882054;+	64616912	64616913
3;183904664;183905151;ABCF3;183905184;+	64627527	64627530
3;183906933;183907021;ABCF3;183907042;+	64628330	64628332
3;184566984;184567705;VPS8;184567723;+	64678572	64678574
3;186505054;186505267;EIF4A2;186505283;+	64759773	64759776
3;23958665;23959327;RPL15;23959340;+	60805828	60805829
3;3186395;3188099;TRNT1;3188113;+	60240848	60240850
3;33414653;33414732;FBXL2;33414751;+	60985902	60985903
3;38038679;38038959;VILL;38038973;+	61081908	61081909
3;40353063;40353446;EIF1B;40353460;+	61155623	61155625
3;45043101;45046767;EXOSC7;45046782;+	61309051	61309052
3;52283339;52283671;PPM1M;52283685;+	61929224	61929226
3;69987201;69988223;MITF;69988248;+	62384141	62384142
3;9960294;9962150;IL17RC;9962174;+	60403565	60403566
3;112724878;112727017;C3orf17;112724852;-	62959827	62959812
3;122152653;122156016;KPNA1;122152636;-	63186451	63186428
3;129284873;129285369;PLXND1;129284861;-	63538843	63538828
3;131188631;131190014;MRPL3;131188618;-	63593500	63593478
3;148759468;148759952;HLTF;148759456;-	63960444	63960430
3;155546181;155547476;SLC33A1;155546167;-	64109984	64109970
3;15614767;15616483;HACL1;15614750;-	60661597	60661570
3;182738044;182740204;MCCC1;182738026;-	64556620	64556607
3;183645247;183646534;ABCC5;183645232;-	64598963	64598946
3;185766668;185769818;ETV5;185766650;-	64731866	64731852
3;196792336;196792578;DLG1;196792320;-	65149580	65149562
3;37893002;37903191;NA;37892984;-	61075485	61075473
3;42835782;42845927;HIGD1A;42835768;-	61237256	61237234
3;48457879;48459319;PLXNB1;48457861;-	61522264	61522218
3;48460468;48460652;PLXNB1;48460449;-	61523114	61523098
3;49138126;49138787;QARS;49138108;-	61642932	61642901
3;49395200;49395459;GPX1;49395181;-	61682343	61682291
4;144466737;144467062;SMARCA5;144467077;+	67945514	67945516
4;187074925;187075601;FAM149A;187075621;+	68571148	68571149
4;2877838;2883603;ADD1;2883624;+	65518505	65518506
4;3142384;3144471;HTT;3144492;+	65546533	65546534
4;38907483;38910197;FAM114A1;38910212;+	66165367	66165368
4;84378112;84379477;MRPS18C;84379498;+	67052440	67052441
4;995352;995438;IDUA;995466;+	65332264	65332266
4;100869705;100869967;H2AFZ;100869681;-	67327232	67327197
4;103720678;103722610;UBE2D3;103720658;-	67378738	67378703
4;140216319;140216885;NDUFC1;140216301;-	67852263	67852232
4;152100569;152108574;SH3D19;152100550;-	68071949	68071916
4;1836730;1838155;LETM1;1836710;-	65429421	65429414
4;184577128;184580081;RWDD4;184577115;-	68485968	68485958
4;57219780;57220204;AASDH;57219763;-	66566804	66566794
4;83277859;83277948;HNRNPD;83277837;-	66993762	66993730
4;844890;845537;GAK;844873;-	65305596	65305547
5;10263427;10264749;CCT5;10264767;+	68983180	68983182
5;132439719;132439902;HSPA4;132439924;+	71127843	71127845
5;139921867;139928473;ANKHD1|ANKHD1-EIF4EBP3;139928490;+	71493813	71493814
5;145883103;145883371;TCERG1;145883386;+	71700008	71700009
5;159849411;159849702;PTTG1;159849715;+	72129434	72129435
5;175815975;175816311;HIGD2A;175816331;+	72428675	72428676
5;31541119;31541368;C5orf22;31541387;+	69227529	69227531
5;458141;459458;EXOC3;459473;+	68697164	68697165
5;65372778;65374233;ERBB2IP;65374250;+	69911958	69911959
5;70942105;70944896;MCCC2;70944923;+	70054057	70054059
5;72794384;72794940;BTF3;72794958;+	70103092	70103093
5;79755314;79768567;ZFYVE16;79768579;+	70289728	70289729
5;1079630;1081691;SLC12A7;1079612;-	68802834	68802815
5;132159234;132159314;SHROOM1;132159215;-	71101346	71101332
5;1330547;1331913;CLPTM1L;1330499;-	68827761	68827736
5;145522669;145522974;LARS;145522648;-	71683455	71683427
5;148386656;148388413;SH3TC2;148386641;-	71746148	71746143
5;149379898;149380036;TIGD6;149379880;-	71797519	71797516
5;176916843;176917870;PDLIM7;176916834;-	72539342	72539325
5;177576860;177577888;NHP2;177576840;-	72590538	72590518
5;177578013;177580491;NHP2;177577995;-	72590894	72590885
5;177684584;177686721;COL23A1;177684569;-	72605591	72605582
5;180664743;180665098;GNB2L1;180664720;-	72798014	72797954
5;180665268;180666066;GNB2L1;180665240;-	72799407	72799328
5;54922502;54923718;SLC38A9;54922488;-	69711372	69711350
5;71524211;71528269;MRPS27;71524196;-	70074881	70074869
5;72849331;72850146;ANKRA2;72849312;-	70106303	70106293
5;76989193;77004066;TBCA;76989178;-	70201877	70201826
6;10709310;10709450;PAK1IP1;10709470;+	73111043	73111044
6;110085186;110086201;FIG4;110086215;+	75817316	75817317
6;138725735;138726261;HEBP2;138726281;+	76329742	76329743
6;168418721;168430155;KIF25;168430171;+	77049280	77049281
6;170863552;170865952;TBP;170865969;+	77149996	77149998
6;31603243;31603343;PRRC2A;31603358;+	73912026	73912027
6;31960700;31960850;C4A;31960866;+	74019622	74019623
6;348842;350802;DUSP22;350821;+	72819363	72819364
6;35255623;35258029;ZNF76;35258042;+	74347751	74347752
6;41040824;41046743;NFYA;41046767;+	74591670	74591671
6;41757075;41757246;PRICKLE4|TOMM6;41757268;+	74630041	74630043
6;43041704;43042344;KLC4;43042359;+	74745801	74745802
6;43189517;43190030;CUL9;43190053;+	74764509	74764511
6;7393537;7395239;RIOK1;7395285;+	73036058	73036062
6;109767079;109767338;MICAL1;109767066;-	75806228	75806211
6;133097583;133100406;SLC18B1;133097569;-	76212637	76212625
6;170844510;170846321;PSMB1;170844494;-	77148186	77148148
6;31508344;31509726;DDX39B|ATP6V1G2-DDX39B;31508312;-	73889486	73889441
6;31612005;31612083;BAG6;31611972;-	73918609	73918562
6;31655903;31656025;ABHD16A;31655881;-	73931787	73931741
6;31851759;31852168;EHMT2;31851728;-	73995154	73995133
6;32095540;32095893;ATF6B;32095528;-	74057507	74057480
6;33261105;33261189;RGL2;33261084;-	74179419	74179408
6;33261713;33261810;RGL2;33261694;-	74179730	74179718
6;34256733;34261227;NUDT3;34256709;-	74281914	74281876
6;42176133;42176595;MRPS10;42176111;-	74665466	74665453
6;49416665;49419178;MUT;49416641;-	74942104	74942090
6;53381039;53385575;GCLC;53381021;-	75013086	75013075
6;91269954;91271340;MAP3K7;91269934;-	75561588	75561564
7;107207632;107211572;DUS4L;107211589;+	80698945	80698948
7;135315219;135320311;NUP205;135320328;+	81338191	81338193
7;142961770;142962038;GSTK1;142962084;+	81603956	81603962
7;148451243;148454059;CUL1;148454074;+	81695557	81695558
7;148989400;148990445;ZNF783;148990467;+	81737743	81737744
7;150747344;150747543;ASIC3;150747567;+	81832078	81832080
7;20793130;20795032;ABCB5;20795049;+	77834131	77834132
7;23313234;23313672;GPNMB;23313683;+	77887200	77887202
7;2411485;2412281;EIF3B;2412307;+	77343285	77343287
7;30811173;30818033;FAM188B;30818047;+	78099172	78099173
7;44795899;44796008;ZMIZ2;44796023;+	78469409	78469410
7;4827408;4827743;AP5Z1;4827784;+	77449009	77449012
7;73791153;73795120;CLIP2;73795135;+	79428094	79428095
7;74131271;74133179;GTF2I;74133197;+	79464729	79464731
7;74171194;74172272;GTF2I;74172291;+	79470026	79470027
7;74550868;74552575;GTF2IRD2B;74552591;+	79520121	79520122
7;94157563;94162500;CASD1;94162516;+	79965156	79965157
7;150912186;150912689;ABCF2;150912169;-	81860189	81860175
7;26233331;26235466;HNRNPA2B1;26233315;-	77957479	77957409
7;33055500;33057050;NT5C3A;33055483;-	78154738	78154712
7;43685017;43687133;COA1;43684999;-	78363422	78363395
7;44012316;44012808;NA;44012291;-	78385972	78385949
7;75070414;75070709;POM121C;75070394;-	79540040	79540019
7;76255021;76255316;POMZP3;76255001;-	79659135	79659121
7;76943821;76950041;GSAP;76943807;-	79682192	79682168
7;97939917;97941408;BAIAP2L1;97939905;-	80053680	80053669
7;99001149;99002484;PDAP1;99001129;-	80119873	80119851
7;99752805;99752884;C7orf43;99752788;-	80213462	80213432
8;109462166;109462629;EMC2;109462656;+	84460064	84460066
8;109488193;109488990;EMC2;109489010;+	84461104	84461105
8;144100004;144102286;LY6E;144102333;+	85147685	85147690
8;144643999;144644083;GSDMD;144644128;+	85209624	85209627
8;144643999;144644111;GSDMD;144644128;+	85209626	85209627
8;145313818;145314126;MROH1;145314142;+	85415059	85415060
8;21959363;21959655;FAM160B2;21959685;+	82660078	82660080
8;23152378;23153452;R3HCC1;23153479;+	82762409	82762410
8;41472568;41476185;AGPAT6;41476202;+	83225380	83225382
8;66557020;66582085;MTFR1;66582107;+	83678402	83678403
8;67364341;67366274;ADHFE1;67366293;+	83699240	83699243
8;98817693;98827531;LAPTM4B;98827555;+	84201529	84201531
8;102212352;102213834;ZNF706;102212326;-	84320260	84320239
8;117661187;117668094;EIF3H;117661166;-	84523340	84523235
8;126051219;126052036;KIAA0196;126051202;-	84722680	84722656
8;146015874;146016661;RPL8;146015856;-	85528736	85528610
8;17915154;17916343;ASAH1;17915133;-	82567671	82567657
8;25290170;25290845;KCTD9;25290154;-	82817784	82817773
8;48707076;48710797;PRKDC;48707063;-	83415961	83415932
8;74621413;74650518;STAU2;74621398;-	83840510	83840482
8;99120997;99129259;HRSP12;99120980;-	84217531	84217511
9;103004962;103008886;INVS;103008897;+	87438812	87438813
9;116357261;116357860;RGS3;116357878;+	87734484	87734485
9;117350201;117354812;ATP6V1G1;117354831;+	87778781	87778782
9;125759641;125760854;RABGAP1;125760875;+	87968823	87968824
9;129154475;129157833;MVB12B;129157853;+	88120403	88120404
9;35608507;35608842;TESK1;35608858;+	86225525	86225527
9;35801152;35801630;NPR2;35801639;+	86273642	86273643
9;37425992;37426519;GRHPR;37426534;+	86351272	86351273
9;37501842;37503015;POLR1E;37503039;+	86358274	86358275
9;5765799;5768946;KIAA1432;5768969;+	85686102	85686103
9;90344651;90345275;CTSL;90345295;+	87010521	87010523
9;113013761;113018691;TXN;113013743;-	87606134	87606100
9;114326555;114332370;PTGR1;114326543;-	87638048	87638034
9;115934003;115935732;FKBP15;115933987;-	87707376	87707364
9;128432207;128434594;MAPKAP1;128432187;-	88103616	88103591
9;131023566;131023732;GOLGA2;131023539;-	88287396	88287372
9;131398064;131398559;WDR34;131398047;-	88351973	88351944
9;134514213;134518625;RAPGEF1;134514179;-	88648334	88648315
9;136037933;136039140;RALGDS|GBGT1;136037920;-	88739703	88739685
9;140069968;140070159;ANAPC2;140069925;-	89162447	89162419
9;26884901;26886101;CAAP1;26884884;-	85974089	85974068
9;33933645;33935836;UBAP2;33933627;-	86114428	86114397
9;35813154;35813262;HINT2;35813143;-	86275190	86275185
9;36351217;36352738;RNF38;36351197;-	86308888	86308873
9;74978548;74979611;ZFAND5;74978523;-	86750092	86750066
9;86593214;86593287;HNRNPK;86593195;-	86929137	86929094
9;90582560;90584108;CDK20;90582547;-	87016077	87016068
9;90585561;90585690;CDK20;90585546;-	87016495	87016492
9;95007368;95009658;IARS;95007354;-	87135025	87134999
X;129059172;129059873;UTP14A;129059894;+	92618083	92618084
X;153042836;153042961;PLXNB3|SRPK3;153042982;+	93004708	93004710
X;153699661;153699819;PLXNA3;153699830;+	93148976	93148977
X;47065513;47065623;UBA1;47065646;+	91301497	91301498
X;48340104;48340769;FTSJ1;48340796;+	91364589	91364591
X;70504304;70510460;NONO;70510478;+	91844323	91844324
X;70516898;70517210;NONO;70517226;+	91847841	91847842
X;128605323;128614677;SMARCA1;128605304;-	92599772	92599750
X;153198060;153199395;NAA10;153198038;-	93033860	93033839
X;153229751;153230028;HCFC1;153229736;-	93044889	93044870
X;48751115;48751182;TIMM17B;48751101;-	91406034	91406029
X;49036186;49040186;PRICKLE3;49036156;-	91449698	91449689
X;9711733;9714083;GPR143;9711714;-	90558959	90558951
17;73587328;73587681;MYO15B;73587696;+	38899487	38899488
7;102074109;102076648;ORAI2,PRKRIP1,PMS2L12;102076676;+	80491980	80491983
6;52546713;52548863;TMEM14A;52548875;+	74980960	74980961
3;39448256;39449093;MOBP,SNORA62,RPSA;39449111;+	61139415	61139417
5;138724291;138725368;MZB1,MGC29506;138724275;-	71419332	71419295
14;23242938;23243141;SLC7A7;23242926;-	24460403	24460388
3;184587317;184588487;VPS8;184588503;+	64679389	64679390
19;23545542;23556543;ZNF91;23545528;-	44311021	44310977
4;995352;995433;IDUA;995466;+	65332263	65332266
22;50966162;50966940;TYMP,ODF3B,SCO2;50966147;-	60079068	60079034
1;32377443;32381495;PTP4A2;32377428;-	2256804	2256746
17;41164295;41164946;IFI35;41164958;+	37216825	37216826
1;155278757;155279833;FDPS;155279854;+	6041343	6041345
3;141272783;141274647;RASA2;141274681;+	63838339	63838341
10;102286852;102289136;SEC31B,NDUFB8;102286832;-	11715689	11715665
11;44957238;44958353;TP53I11;44957214;-	14079887	14079861
17;16344445;16344670;ncRNA00188,FAM211A-AS1,C17orf76-AS1;16344681;+	35617596	35617597
12;29450134;29460566;FAR2;29460590;+	18557891	18557892
17;48445675;48447392;MRPL27;48445660;-	37851554	37851526
12;62783480;62783562;USP15;62783576;+	20119449	20119450
2;132288401;132289210;CCDC74A;132289236;+	51140465	51140467
6;43006223;43006303;CUL7;43006211;-	74736197	74736179
5;109181708;109183328;MAN2A1;109183357;+	70718842	70718843
12;105514376;105514866;KIAA1033;105514878;+	20974676	20974677
20;45354964;45355453;SLC2A10;45355502;+	55580476	55580481
12;95660409;95663814;VEZT;95663826;+	20716176	20716177
17;2266429;2266727;SGSM2;2266758;+	34801700	34801702
5;156915522;156916109;ADAM19;156915498;-	72062554	72062540
1;157771382;157771704;FCRL1;157771368;-	6313244	6313233
4;56874549;56875878;CEP135;56875900;+	66556876	66556877
6;30884737;30884871;VARS2,GTF2H4;30884881;+	73805219	73805220
4;39455867;39456152;RPL9;39455846;-	66192337	66192313
19;617871;618487;POLRMT;617850;-	41365772	41365731
1;35871070;35873587;ZMYM4;35873608;+	2466540	2466541
11;64119859;64120198;CCDC88B;64120215;+	15114551	15114552
1;109743523;109745534;KIAA1324;109745565;+	4470093	4470097
17;79165151;79166117;AZI1;79165136;-	39417003	39416988
7;64139715;64150765;ZNF107;64150776;+	78952964	78952965
3;101401354;101401614;RPL24;101401337;-	62801048	62800996
1;186300729;186301326;TPR;186300714;-	7168444	7168416
18;9133521;9136361;,RP11-143J12.2,kysaw;9133509;-	40025248	40025233
5;44813385;44814996;MRPS30;44815014;+	69550169	69550170
20;34144043;34144725;ERGIC3;34144743;+	55079248	55079249
5;169101450;169108733;DOCK2;169108747;+	72225660	72225661
8;61741366;61742868;CHD7;61742880;+	83617182	83617183
21;35275961;35276238;CRYZL1,ATP5O,DONSON;35275944;-	56993551	56993533
4;39868636;39871013;PDS5A;39868618;-	66236155	66236135
X;47315814;47326808;ZNF41;47315798;-	91322358	91322307
1;19480449;19481411;UBR4;19480434;-	1390458	1390452
10;99502922;99504468;ZFYVE27;99504485;+	11615488	11615489
3;131181738;131186934;MRPL3;131181720;-	63592966	63592935
16;2822124;2825451;TCEB2;2822104;-	30991117	30991068
1;11131046;11132143;EXOSC10;11131031;-	958414	958391
2;198267784;198268308;SF3B1;198267760;-	52346747	52346725
1;23398691;23399766;KDM1A;23399784;+	1642883	1642884
2;160673562;160676236;LY75,LY75-CD302,CD302;160673544;-	51576903	51576898
1;16803043;16803424;CROCCP3;16803000;-	1257963	1257937
12;112915535;112915638;PTPN11;112915660;+	21340400	21340402
2;109102365;109102954;GCC2;109102966;+	50608778	50608780
7;98579584;98580862;TRRAP;98580886;+	80082707	80082709
1;219366594;219383856;LYPLAL1;219383873;+	7966973	7966974
11;2993510;2997253;NAP1L4;2993474;-	13137883	13137857
1;186324918;186325417;TPR;186324901;-	7171431	7171415
2;23977669;23980287;ATAD2B;23977645;-	47971592	47971574
15;59209220;59224554;SLTM;59209199;-	28861408	28861372
1;156552963;156553113;TTC24;156553129;+	6240392	6240393
3;108403189;108405274;DZIP3;108405291;+	62890617	62890618
5;150411956;150413168;TNIP1;150411945;-	71897270	71897244
3;50380022;50380348;ZMYND10;50380001;-	61825053	61825046
11;68363687;68367788;PPP6R3;68367808;+	15753308	15753309
1;156705702;156706410;RRNAD1,C1orf66;156706423;+	6269149	6269150
8;145624053;145624168;CPSF1;145624029;-	85454733	85454702
3;56649301;56649931;CCDC66;56649949;+	62093952	62093953
1;150249041;150252050;C1orf54;150252053;+	5494293	5494294
1;185056773;185060696;RNF2;185060710;+	7139720	7139721
3;141896448;141900302;GK5;141896419;-	63869560	63869540
11;11988667;11989941;DKK3;11988646;-	13499680	13499670
10;93244413;93244921;HECTD2;93244936;+	11359057	11359059
2;132288401;132289224;CCDC74A;132289236;+	51140466	51140467
15;49420971;49421673;COPS2;49420958;-	28583184	28583168
2;24538115;24550920;ITSN2;24538094;-	48005762	48005746
11;77090455;77090938;PAK1;77090434;-	16193233	16193223
14;56100060;56101230;KTN1;56101243;+	25302536	25302537
10;89519558;89527429;ATAD1;89519545;-	11275181	11275164
1;202122979;202123313;PTPN7;202122964;-	7450364	7450349
15;72859519;72862504;ARIH1;72862517;+	29418548	29418550
